[0 0][ 0 -1][[0 0]][[0.2172934  0.11589368]]
[0 0][-1  0][[0 0]][[0.03313307 0.11883093]]
[0 0][0 1][[0 1]][[0.36937016 1.1370724 ]]
[0 0][1 0][[1 0]][[2.2601342  0.09687808]]
[0 1][ 0 -1][[0 0]][[0.2145025  0.15454984]]
[0 1][-1  0][[0 1]][[0.06552313 0.99816465]]
[0 1][0 1][[0 2]][[0.42524624 1.9176947 ]]
[0 1][1 0][[1 1]][[2.3177168 1.0895613]]
[0 2][ 0 -1][[0 1]][[0.28616875 1.155771  ]]
[0 2][-1  0][[0 2]][[0.2820928 1.9970747]]
[0 2][0 1][[0 3]][[0.49691254 2.9189157 ]]
[0 2][1 0][[1 2]][[2.3893833 2.0907824]]
[0 3][ 0 -1][[0 2]][[0.3578351 2.1569924]]
[0 3][-1  0][[0 3]][[0.507861 2.995838]]
[0 3][0 1][[0 3]][[0.7162643 3.9177814]]
[0 3][1 0][[1 3]][[2.4610493 3.0920033]]
[0 5][ 0 -1][[0 5]][[0.76992047 4.1551476 ]]
[0 5][-1  0][[0 5]][[0.9593976 4.993365 ]]
[0 5][0 1][[0 6]][[1.1678009 5.915308 ]]
[0 5][1 0][[1 5]][[2.604382  5.0944457]]
[0 6][ 0 -1][[0 5]][[0.99568886 5.1539116 ]]
[0 6][-1  0][[0 6]][[1.185166 5.992128]]
[0 6][0 1][[0 7]][[1.3944877 6.9181347]]
[0 6][1 0][[1 6]][[2.6760485 6.0956674]]
[0 7][ 0 -1][[0 6]][[1.2212943 6.151954 ]]
[0 7][-1  0][[0 7]][[1.4109341 6.990891 ]]
[0 7][0 1][[0 8]][[1.6219896 7.924567 ]]
[0 7][1 0][[1 7]][[2.7477148 7.0968885]]
[0 8][ 0 -1][[0 7]][[1.4417026 7.127006 ]]
[0 8][-1  0][[0 8]][[1.6367024 7.9896545]]
[0 8][0 1][[0 8]][[1.8494916 8.931001 ]]
[0 8][1 0][[1 8]][[2.819381 8.098109]]
[1 0][ 0 -1][[1 0]][[1.0257678  0.10299896]]
[1 0][-1  0][[0 0]][[0.10548553 0.11767694]]
[1 0][0 1][[1 1]][[1.0251547 1.128134 ]]
[1 0][1 0][[2 0]][[2.2442803  0.09438431]]
[1 1][ 0 -1][[1 0]][[1.0405879  0.14395282]]
[1 1][-1  0][[0 1]][[0.16689189 0.99744564]]
[1 1][0 1][[1 2]][[1.0982195 1.9091846]]
[1 1][1 0][[2 1]][[2.3177643 1.0902233]]
[1 2][ 0 -1][[1 1]][[1.1293956 1.1449406]]
[1 2][-1  0][[0 2]][[0.28230393 1.9980087 ]]
[1 2][0 1][[1 3]][[1.1870269 2.910172 ]]
[1 2][1 0][[2 2]][[2.3894305 2.0914445]]
[1 3][ 0 -1][[1 2]][[1.2182033 2.1459284]]
[1 3][-1  0][[0 3]][[0.50808114 2.9968116 ]]
[1 3][0 1][[1 4]][[1.2758347 3.9111598]]
[1 3][1 0][[2 3]][[2.4610968 3.0926654]]
[1 4][ 0 -1][[1 3]][[1.3070108 3.1469154]]
[1 4][-1  0][[1 4]][[0.73385835 3.9956148 ]]
[1 4][0 1][[1 5]][[1.3646421 4.9121466]]
[1 4][1 0][[1 4]][[2.532763  4.0938864]]
[1 5][ 0 -1][[1 4]][[1.3958184 4.1479025]]
[1 5][-1  0][[0 5]][[0.9596357 4.9944177]]
[1 5][0 1][[1 6]][[1.4534496 5.913134 ]]
[1 5][1 0][[2 5]][[2.6044295 5.095108 ]]
[1 6][ 0 -1][[1 5]][[1.4846259 5.148891 ]]
[1 6][-1  0][[0 6]][[1.1854129 5.993221 ]]
[1 6][0 1][[1 7]][[1.5422572 6.9141216]]
[1 6][1 0][[2 6]][[2.6760957 6.096329 ]]
[1 7][ 0 -1][[1 6]][[1.5734334 6.149878 ]]
[1 7][-1  0][[0 7]][[1.41119   6.9920235]]
[1 7][0 1][[1 8]][[1.6310648 7.915109 ]]
[1 7][1 0][[2 7]][[2.7477622 7.0975504]]
[1 8][ 0 -1][[1 7]][[1.6622411 7.150866 ]]
[1 8][-1  0][[0 8]][[1.6369674 7.990827 ]]
[1 8][0 1][[1 8]][[1.8456694 8.914092 ]]
[1 8][1 0][[2 8]][[2.8194284 8.098772 ]]
[2 0][ 0 -1][[2 0]][[2.0048084  0.08738382]]
[2 0][-1  0][[1 0]][[1.0844244  0.10206342]]
[2 0][0 1][[2 1]][[2.0047069 1.1147825]]
[2 0][1 0][[3 0]][[2.9753687 0.08546  ]]
[2 1][ 0 -1][[2 0]][[2.0201876  0.13126343]]
[2 1][-1  0][[1 1]][[1.1464916 0.9847561]]
[2 1][0 1][[2 2]][[2.0778193 1.8964951]]
[2 1][1 0][[3 1]][[3.0650632 1.0807003]]
[2 2][ 0 -1][[2 1]][[2.1089952 1.132251 ]]
[2 2][-1  0][[1 2]][[1.2352993 1.9857438]]
[2 2][0 1][[2 3]][[2.1666267 2.8974826]]
[2 2][1 0][[3 2]][[3.153871  2.0816875]]
[2 3][ 0 -1][[2 2]][[2.1978028 2.1332386]]
[2 3][-1  0][[1 3]][[1.3241068 2.9867313]]
[2 3][0 1][[2 3]][[2.2554343 3.8984702]]
[2 3][1 0][[3 3]][[3.2426782 3.082675 ]]
[2 5][ 0 -1][[2 5]][[2.375418  4.1352134]]
[2 5][-1  0][[1 5]][[1.5017221 4.9887066]]
[2 5][0 1][[2 6]][[2.4330494 5.9004455]]
[2 5][1 0][[3 5]][[3.4202933 5.0846505]]
[2 6][ 0 -1][[2 5]][[2.4642255 5.1362014]]
[2 6][-1  0][[1 6]][[1.5905296 5.9896946]]
[2 6][0 1][[2 7]][[2.521857 6.901433]]
[2 6][1 0][[3 6]][[3.5091012 6.0856385]]
[2 7][ 0 -1][[2 6]][[2.553033  6.1371884]]
[2 7][-1  0][[1 7]][[1.679337 6.990681]]
[2 7][0 1][[2 8]][[2.6106641 7.9024196]]
[2 7][1 0][[3 7]][[3.5979083 7.086625 ]]
[2 8][ 0 -1][[2 7]][[2.641841 7.138177]]
[2 8][-1  0][[1 8]][[1.7681446 7.9916687]]
[2 8][0 1][[2 8]][[2.699472 8.903408]]
[2 8][1 0][[3 8]][[3.686716 8.087614]]
[3 0][ 0 -1][[3 0]][[2.9838488  0.07176867]]
[3 0][-1  0][[2 0]][[2.0633633  0.08644991]]
[3 0][0 1][[3 1]][[2.9842596 1.1014311]]
[3 0][1 0][[3 0]][[3.9562342 0.0734867]]
[3 1][ 0 -1][[3 0]][[2.999787   0.11857399]]
[3 1][-1  0][[2 1]][[2.1260915  0.97206664]]
[3 1][0 1][[3 2]][[3.0574188 1.8838056]]
[3 1][1 0][[4 1]][[4.044663  1.0680108]]
[3 2][ 0 -1][[3 1]][[3.0885952 1.1195616]]
[3 2][-1  0][[2 2]][[2.214899  1.9730545]]
[3 2][0 1][[3 3]][[3.1462266 2.884793 ]]
[3 2][1 0][[3 2]][[4.133471 2.068998]]
[3 3][ 0 -1][[3 2]][[3.1774027 2.1205492]]
[3 3][-1  0][[2 3]][[2.3037064 2.9740417]]
[3 3][0 1][[3 3]][[3.2350342 3.885781 ]]
[3 3][1 0][[3 3]][[4.222278  3.0699854]]
[3 5][ 0 -1][[3 5]][[3.355018  4.1225243]]
[3 5][-1  0][[2 5]][[2.4813218 4.9760165]]
[3 5][0 1][[3 6]][[3.4126494 5.887756 ]]
[3 5][1 0][[3 5]][[4.3998933 5.071961 ]]
[3 6][ 0 -1][[3 5]][[3.443825  5.1235113]]
[3 6][-1  0][[2 6]][[2.5701292 5.9770045]]
[3 6][0 1][[3 7]][[3.5014567 6.888743 ]]
[3 6][1 0][[4 6]][[4.488701  6.0729485]]
[3 7][ 0 -1][[3 6]][[3.532633  6.1244993]]
[3 7][-1  0][[2 7]][[2.6589367 6.9779916]]
[3 7][0 1][[3 8]][[3.590264  7.8897305]]
[3 7][1 0][[3 7]][[4.5775084 7.073936 ]]
[3 8][ 0 -1][[3 7]][[3.621441  7.1254873]]
[3 8][-1  0][[2 8]][[2.7477443 7.9789796]]
[3 8][0 1][[3 8]][[3.6790721 8.890719 ]]
[3 8][1 0][[3 8]][[4.6663165 8.074924 ]]
[4 1][ 0 -1][[4 1]][[3.9793875  0.10588454]]
[4 1][-1  0][[3 1]][[3.1274126  0.96112204]]
[4 1][0 1][[4 1]][[4.0370193 1.8711162]]
[4 1][1 0][[5 1]][[5.0242634 1.0553213]]
[4 6][ 0 -1][[4 6]][[4.423425  5.1108227]]
[4 6][-1  0][[3 6]][[3.9210145 5.994138 ]]
[4 6][0 1][[4 6]][[4.481057 6.876054]]
[4 6][1 0][[5 6]][[5.4683013 6.060259 ]]
[5 0][ 0 -1][[5 0]][[4.941931   0.04053839]]
[5 0][-1  0][[5 0]][[4.5367684  0.04700049]]
[5 0][0 1][[5 1]][[4.9433646 1.0747281]]
[5 0][1 0][[6 0]][[5.9154296  0.04687921]]
[5 1][ 0 -1][[5 0]][[4.958987   0.09319516]]
[5 1][-1  0][[4 1]][[4.706004   0.99740475]]
[5 1][0 1][[5 2]][[5.016619  1.8584268]]
[5 1][1 0][[6 1]][[6.003863 1.042632]]
[5 2][ 0 -1][[5 1]][[5.0477943 1.0941826]]
[5 2][-1  0][[5 2]][[4.8882036 2.0051563]]
[5 2][0 1][[5 3]][[5.105427 2.859414]]
[5 2][1 0][[6 2]][[6.0926704 2.0436194]]
[5 3][ 0 -1][[5 2]][[5.136602  2.0951703]]
[5 3][-1  0][[5 3]][[5.050818  3.0119498]]
[5 3][0 1][[5 3]][[5.1942344 3.8604019]]
[5 3][1 0][[6 3]][[6.181478 3.044607]]
[5 5][ 0 -1][[5 5]][[5.314218  4.0971456]]
[5 5][-1  0][[5 5]][[5.368259  5.0251565]]
[5 5][0 1][[5 6]][[5.3718495 5.862377 ]]
[5 5][1 0][[6 5]][[6.359093 5.046582]]
[5 6][ 0 -1][[5 5]][[5.4030256 5.098133 ]]
[5 6][-1  0][[4 6]][[5.5269794 6.0317597]]
[5 6][0 1][[5 7]][[5.4606566 6.863364 ]]
[5 6][1 0][[6 6]][[6.447901  6.0475698]]
[5 7][ 0 -1][[5 6]][[5.4918327 6.09912  ]]
[5 7][-1  0][[5 7]][[5.6857    7.0383615]]
[5 7][0 1][[5 8]][[5.5494647 7.8643517]]
[5 7][1 0][[6 7]][[6.5367084 7.048557 ]]
[5 8][ 0 -1][[5 7]][[5.58064  7.100108]]
[5 8][-1  0][[5 8]][[5.84442  8.044966]]
[5 8][0 1][[5 8]][[5.638272 8.86534 ]]
[5 8][1 0][[6 8]][[6.625516 8.049545]]
[6 0][ 0 -1][[6 0]][[5.920971   0.02492324]]
[6 0][-1  0][[5 0]][[5.2503853  0.03561871]]
[6 0][0 1][[6 1]][[5.922917  1.0613768]]
[6 0][1 0][[7 0]][[6.894982  0.0335278]]
[6 1][ 0 -1][[6 0]][[5.9385867  0.08050571]]
[6 1][-1  0][[5 1]][[5.4208436 0.9914303]]
[6 1][0 1][[6 2]][[5.996219  1.8457376]]
[6 1][1 0][[7 1]][[6.9834623 1.0299425]]
[6 2][ 0 -1][[6 1]][[6.0273943 1.0814933]]
[6 2][-1  0][[5 2]][[5.603043  1.9991822]]
[6 2][0 1][[6 3]][[6.0850263 2.846725 ]]
[6 2][1 0][[7 2]][[7.07227 2.03093]]
[6 3][ 0 -1][[6 2]][[6.1162024 2.082481 ]]
[6 3][-1  0][[5 3]][[5.785243 3.006934]]
[6 3][0 1][[6 4]][[6.1738334 3.8477125]]
[6 3][1 0][[7 3]][[7.1610765 3.0319173]]
[6 4][ 0 -1][[6 3]][[6.2050104 3.0834682]]
[6 4][-1  0][[6 4]][[5.967443  4.0146856]]
[6 4][0 1][[6 5]][[6.2626414 4.8486996]]
[6 4][1 0][[6 4]][[7.249885 4.032905]]
[6 5][ 0 -1][[6 4]][[6.2938175 4.084456 ]]
[6 5][-1  0][[5 5]][[6.149643  5.0224376]]
[6 5][0 1][[6 6]][[6.3514495 5.8496876]]
[6 5][1 0][[7 5]][[7.338693 5.033892]]
[6 6][ 0 -1][[6 5]][[6.3826246 5.0854435]]
[6 6][-1  0][[5 6]][[6.3318415 6.0301895]]
[6 6][0 1][[6 7]][[6.4402566 6.850674 ]]
[6 6][1 0][[7 6]][[7.4275007 6.0348797]]
[6 7][ 0 -1][[6 6]][[6.471432 6.086431]]
[6 7][-1  0][[5 7]][[6.514042 7.037941]]
[6 7][0 1][[6 8]][[6.529064 7.851662]]
[6 7][1 0][[7 7]][[7.5163083 7.035868 ]]
[6 8][ 0 -1][[6 7]][[6.5602403 7.0874186]]
[6 8][-1  0][[5 8]][[6.696241 8.045692]]
[6 8][0 1][[6 8]][[6.6178718 8.852651 ]]
[6 8][1 0][[7 8]][[7.605116 8.036856]]
[7 0][ 0 -1][[7 0]][[6.9000125  0.00930809]]
[7 0][-1  0][[6 0]][[5.964003   0.02423691]]
[7 0][0 1][[7 1]][[6.902468  1.0480255]]
[7 0][1 0][[8 0]][[7.8625293  0.01958907]]
[7 1][ 0 -1][[7 0]][[6.918187   0.06781627]]
[7 1][-1  0][[6 1]][[6.135685  0.9854561]]
[7 1][0 1][[7 2]][[6.975818 1.833048]]
[7 1][1 0][[8 1]][[7.963063 1.017253]]
[7 2][ 0 -1][[7 1]][[7.006995 1.068804]]
[7 2][-1  0][[6 2]][[6.317884 1.993208]]
[7 2][0 1][[7 3]][[7.0646253 2.8340354]]
[7 2][1 0][[8 2]][[8.051868  2.0182407]]
[7 3][ 0 -1][[7 2]][[7.0958023 2.0697918]]
[7 3][-1  0][[6 3]][[6.5000834 3.0009596]]
[7 3][0 1][[7 3]][[7.153434  3.8350232]]
[7 3][1 0][[8 3]][[8.1406765 3.019228 ]]
[7 5][ 0 -1][[7 5]][[7.2734175 4.071767 ]]
[7 5][-1  0][[6 5]][[6.8644834 5.0164638]]
[7 5][0 1][[7 6]][[7.3310485 5.836998 ]]
[7 5][1 0][[8 5]][[8.318292 5.021203]]
[7 6][ 0 -1][[7 5]][[7.3622255 5.072754 ]]
[7 6][-1  0][[6 6]][[7.046682 6.024215]]
[7 6][0 1][[7 7]][[7.419856 6.837985]]
[7 6][1 0][[8 6]][[8.407099 6.022191]]
[7 7][ 0 -1][[7 6]][[7.451033 6.073742]]
[7 7][-1  0][[6 7]][[7.228882  7.0319667]]
[7 7][0 1][[7 8]][[7.5086637 7.8389735]]
[7 7][1 0][[8 7]][[8.495907  7.0231786]]
[7 8][ 0 -1][[7 7]][[7.5398407 7.0747294]]
[7 8][-1  0][[6 8]][[7.411082 8.039719]]
[7 8][0 1][[7 8]][[7.5974717 8.839961 ]]
[7 8][1 0][[8 8]][[8.584715 8.024166]]
[8 0][ 0 -1][[8 0]][[ 7.8790526e+00 -6.3070580e-03]]
[8 0][-1  0][[7 0]][[6.677621   0.01285511]]
[8 0][0 1][[8 1]][[7.8820214 1.0346739]]
[8 0][1 0][[8 0]][[ 7.9576917e+00 -7.5613037e-03]]
[8 1][ 0 -1][[8 0]][[7.8977876  0.05512688]]
[8 1][-1  0][[7 1]][[6.8505244  0.97948205]]
[8 1][0 1][[8 2]][[7.955418  1.8203585]]
[8 1][1 0][[8 1]][[8.063012   0.96152896]]
[8 2][ 0 -1][[8 1]][[7.9865947 1.0561143]]
[8 2][-1  0][[7 2]][[7.032723  1.9872336]]
[8 2][0 1][[8 3]][[8.044225 2.821346]]
[8 2][1 0][[8 2]][[8.175298  1.9636651]]
[8 3][ 0 -1][[8 2]][[8.075402  2.0571022]]
[8 3][-1  0][[7 3]][[7.2149234 2.9949853]]
[8 3][0 1][[8 3]][[8.133032  3.8223336]]
[8 3][1 0][[8 3]][[8.287583  2.9658015]]
[8 5][ 0 -1][[8 5]][[8.253017  4.0590773]]
[8 5][-1  0][[7 5]][[7.579323 5.010489]]
[8 5][0 1][[8 6]][[8.310648  5.8243084]]
[8 5][1 0][[8 5]][[8.512157  4.9700737]]
[8 6][ 0 -1][[8 5]][[8.341824  5.0600643]]
[8 6][-1  0][[7 6]][[7.761522 6.018241]]
[8 6][0 1][[8 7]][[8.399455 6.825296]]
[8 6][1 0][[8 6]][[8.624444 5.97221 ]]
[8 7][ 0 -1][[8 6]][[8.430632 6.061052]]
[8 7][-1  0][[7 7]][[7.9437213 7.0259924]]
[8 7][0 1][[8 8]][[8.488262  7.8262835]]
[8 7][1 0][[8 7]][[8.736732  6.9743457]]
[8 8][ 0 -1][[8 7]][[8.51944 7.06204]]
[8 8][-1  0][[7 8]][[8.125921 8.033745]]
[8 8][0 1][[8 8]][[8.577071 8.827271]]
[8 8][1 0][[8 8]][[8.849018 7.976483]]
