[0 0][ 0 -1][[0 0]][[ 0.7226197  -0.03217929]]
[0 0][-1  0][[0 0]][[-0.06962961  0.00132811]]
[0 0][0 1][[0 1]][[2.0208108 1.0425999]]
[0 0][1 0][[1 0]][[2.1388745  0.36363807]]
[0 1][ 0 -1][[0 0]][[ 0.7226197  -0.03217929]]
[0 1][-1  0][[0 1]][[0.03379887 0.9409072 ]]
[0 1][0 1][[0 2]][[2.0136604 1.8742574]]
[0 1][1 0][[1 1]][[2.0993443  0.96574223]]
[0 2][ 0 -1][[0 1]][[1.3605995 1.0054992]]
[0 2][-1  0][[0 2]][[0.14743918 1.9697052 ]]
[0 2][0 1][[0 3]][[2.0065098 2.7059147]]
[0 2][1 0][[1 2]][[2.1106377 1.9687699]]
[0 3][ 0 -1][[0 2]][[1.371893  2.0085268]]
[0 3][-1  0][[0 3]][[0.26107976 2.9985034 ]]
[0 3][0 1][[0 3]][[1.9993596 3.5375717]]
[0 3][1 0][[1 3]][[2.1219308 2.971798 ]]
[0 5][ 0 -1][[0 5]][[1.3944795 4.014582 ]]
[0 5][-1  0][[0 5]][[0.4883604 5.056099 ]]
[0 5][0 1][[0 6]][[2.0177233 5.5043917]]
[0 5][1 0][[1 5]][[2.1445174 4.9778523]]
[0 6][ 0 -1][[0 5]][[1.4057726 5.017609 ]]
[0 6][-1  0][[0 6]][[0.48159707 6.06435   ]]
[0 6][0 1][[0 7]][[2.0290167 6.507419 ]]
[0 6][1 0][[1 6]][[2.1558106 5.9808807]]
[0 7][ 0 -1][[0 6]][[1.4170659 6.0206375]]
[0 7][-1  0][[0 7]][[0.44195828 7.06699   ]]
[0 7][0 1][[0 8]][[2.0308783 7.510795 ]]
[0 7][1 0][[1 7]][[2.1671042 6.983908 ]]
[0 8][ 0 -1][[0 7]][[1.4283593 7.0236654]]
[0 8][-1  0][[0 8]][[0.44507027 8.069957  ]]
[0 8][0 1][[0 8]][[1.9742255 8.51633  ]]
[0 8][1 0][[1 8]][[2.1783974 7.986936 ]]
[1 0][ 0 -1][[1 0]][[ 1.7012243 -0.024738 ]]
[1 0][-1  0][[0 0]][[-0.25514507  0.0114739 ]]
[1 0][0 1][[1 1]][[2.3969646 1.0312599]]
[1 0][1 0][[2 0]][[2.5025816  0.51400673]]
[1 1][ 0 -1][[1 0]][[1.7270164 0.0055935]]
[1 1][-1  0][[0 1]][[-0.08884066  0.9022902 ]]
[1 1][0 1][[1 2]][[2.3898137 1.862917 ]]
[1 1][1 0][[2 1]][[2.4770544  0.96886426]]
[1 2][ 0 -1][[1 1]][[1.7383096 1.0086211]]
[1 2][-1  0][[0 2]][[0.09954441 1.9329734 ]]
[1 2][0 1][[1 3]][[2.3826635 2.6945744]]
[1 2][1 0][[2 2]][[2.4883478 1.971892 ]]
[1 3][ 0 -1][[1 2]][[1.7496028 2.0116487]]
[1 3][-1  0][[0 3]][[0.28792995 2.9636562 ]]
[1 3][0 1][[1 4]][[2.375513  3.5262315]]
[1 3][1 0][[2 3]][[2.499641 2.97492 ]]
[1 4][ 0 -1][[1 3]][[1.7608962 3.0146768]]
[1 4][-1  0][[1 4]][[0.47631514 3.994339  ]]
[1 4][0 1][[1 5]][[2.3841403 4.5044866]]
[1 4][1 0][[1 4]][[2.510934  3.9779482]]
[1 5][ 0 -1][[1 4]][[1.7721894 4.0177045]]
[1 5][-1  0][[0 5]][[0.66470027 5.025022  ]]
[1 5][0 1][[1 6]][[2.3954334 5.507513 ]]
[1 5][1 0][[2 5]][[2.5222273 4.9809747]]
[1 6][ 0 -1][[1 5]][[1.7834826 5.020732 ]]
[1 6][-1  0][[0 6]][[0.85308564 6.0557046 ]]
[1 6][0 1][[1 7]][[2.4067268 6.5105414]]
[1 6][1 0][[2 6]][[2.5335207 5.9840026]]
[1 7][ 0 -1][[1 6]][[1.794776  6.0237594]]
[1 7][-1  0][[0 7]][[0.959983  7.0724816]]
[1 7][0 1][[1 8]][[2.41802   7.5135694]]
[1 7][1 0][[2 7]][[2.5448139 6.98703  ]]
[1 8][ 0 -1][[1 7]][[1.8060691 7.0267873]]
[1 8][-1  0][[0 8]][[0.9879089 8.075783 ]]
[1 8][0 1][[1 8]][[2.4293134 8.516597 ]]
[1 8][1 0][[2 8]][[2.5561073 7.9900584]]
[2 0][ 0 -1][[2 0]][[ 2.0811436 -0.0218491]]
[2 0][-1  0][[1 0]][[0.78277045 0.07861559]]
[2 0][0 1][[2 1]][[2.7731178 1.0199196]]
[2 0][1 0][[3 0]][[ 2.9104912  -0.01554275]]
[2 1][ 0 -1][[2 0]][[2.1047266  0.00871549]]
[2 1][-1  0][[1 1]][[0.94108367 0.9188135 ]]
[2 1][0 1][[2 2]][[2.7659674 1.8515769]]
[2 1][1 0][[3 1]][[2.902025   0.97276014]]
[2 2][ 0 -1][[2 1]][[2.1160195 1.0117434]]
[2 2][-1  0][[1 2]][[1.1294689 1.9494967]]
[2 2][0 1][[2 3]][[2.758817  2.6832345]]
[2 2][1 0][[3 2]][[2.9299512 1.9760605]]
[2 3][ 0 -1][[2 2]][[2.1273127 2.0147712]]
[2 3][-1  0][[1 3]][[1.3178543 2.9801795]]
[2 3][0 1][[2 3]][[2.7516668 3.5148916]]
[2 3][1 0][[3 3]][[2.957877  2.9793603]]
[2 5][ 0 -1][[2 5]][[2.1498992 4.020827 ]]
[2 5][-1  0][[1 5]][[1.6946249 5.041546 ]]
[2 5][0 1][[2 6]][[2.7731435 5.510637 ]]
[2 5][1 0][[3 5]][[3.013729  4.9859605]]
[2 6][ 0 -1][[2 5]][[2.1611927 5.023854 ]]
[2 6][-1  0][[1 6]][[1.8830101 6.0722284]]
[2 6][0 1][[2 7]][[2.7844367 6.5136633]]
[2 6][1 0][[3 6]][[3.041655 5.98926 ]]
[2 7][ 0 -1][[2 6]][[2.1724858 6.026881 ]]
[2 7][-1  0][[1 7]][[1.9722695 7.085995 ]]
[2 7][0 1][[2 8]][[2.7957304 7.516691 ]]
[2 7][1 0][[3 7]][[3.0695808 6.9925604]]
[2 8][ 0 -1][[2 7]][[2.183779  7.0299096]]
[2 8][-1  0][[1 8]][[2.0001955 8.089296 ]]
[2 8][0 1][[2 8]][[2.8070235 8.51972  ]]
[2 8][1 0][[3 8]][[3.097507  7.9958606]]
[3 0][ 0 -1][[3 0]][[ 2.8855739  -0.01573222]]
[3 0][-1  0][[2 0]][[ 2.2064135  -0.11703598]]
[3 0][0 1][[3 1]][[3.1492712 1.0085796]]
[3 0][1 0][[3 0]][[ 3.901507   -0.00800707]]
[3 1][ 0 -1][[3 0]][[2.923433   0.01905903]]
[3 1][-1  0][[2 1]][[1.9710081 0.935337 ]]
[3 1][0 1][[3 2]][[3.142121  1.8402368]]
[3 1][1 0][[4 1]][[3.9143116 0.9862736]]
[3 2][ 0 -1][[3 1]][[2.9513588 1.0223591]]
[3 2][-1  0][[2 2]][[2.1593933 1.9660199]]
[3 2][0 1][[3 3]][[3.1349704 2.671894 ]]
[3 2][1 0][[3 2]][[3.9422374 1.9895736]]
[3 3][ 0 -1][[3 2]][[2.9792852 2.0256593]]
[3 3][-1  0][[2 3]][[2.3477786 2.996703 ]]
[3 3][0 1][[3 3]][[3.128267  3.5077026]]
[3 3][1 0][[3 3]][[3.9701636 2.992874 ]]
[3 5][ 0 -1][[3 5]][[3.0351372 4.03226  ]]
[3 5][-1  0][[2 5]][[2.7245493 5.0580688]]
[3 5][0 1][[3 6]][[3.1508536 5.5137587]]
[3 5][1 0][[3 5]][[4.0260153 4.999474 ]]
[3 6][ 0 -1][[3 5]][[3.0630631 5.0355597]]
[3 6][-1  0][[2 6]][[2.9129345 6.0887523]]
[3 6][0 1][[3 7]][[3.1621468 6.516786 ]]
[3 6][1 0][[4 6]][[4.0539412 6.0027742]]
[3 7][ 0 -1][[3 6]][[3.090989  6.0388594]]
[3 7][-1  0][[2 7]][[2.9845557 7.0995083]]
[3 7][0 1][[3 8]][[3.1734402 7.519813 ]]
[3 7][1 0][[3 7]][[4.0818677 7.006074 ]]
[3 8][ 0 -1][[3 7]][[3.118915  7.0421596]]
[3 8][-1  0][[2 8]][[3.012482 8.102809]]
[3 8][0 1][[3 8]][[3.1847334 8.5228405]]
[3 8][1 0][[3 8]][[4.1097937 8.009374 ]]
[4 1][ 0 -1][[4 1]][[3.9357195 0.0325725]]
[4 1][-1  0][[3 1]][[3.0009327  0.95186037]]
[4 1][0 1][[4 1]][[3.9527037 1.8360108]]
[4 1][1 0][[5 1]][[4.926598   0.99978703]]
[4 6][ 0 -1][[4 6]][[4.0753493 5.0490727]]
[4 6][-1  0][[3 6]][[3.942859 6.105275]]
[4 6][0 1][[4 6]][[4.0574493 6.5283837]]
[4 6][1 0][[5 6]][[5.066228 6.016288]]
[5 0][ 0 -1][[5 0]][[ 4.9150057e+00 -3.0044094e-04]]
[5 0][-1  0][[5 0]][[ 4.7986708e+00 -1.1850521e-03]]
[5 0][0 1][[5 1]][[4.9539514 1.0031322]]
[5 0][1 0][[6 0]][[5.9010844  0.00719769]]
[5 1][ 0 -1][[5 0]][[4.948006   0.04608587]]
[5 1][-1  0][[4 1]][[4.0286894  0.96821624]]
[5 1][0 1][[5 2]][[4.9634333 1.8350618]]
[5 1][1 0][[6 1]][[5.9388843 1.0133005]]
[5 2][ 0 -1][[5 1]][[4.9759316 1.0493859]]
[5 2][-1  0][[5 2]][[4.2149553 1.9987353]]
[5 2][0 1][[5 3]][[4.972916  2.6669915]]
[5 2][1 0][[6 2]][[5.966811  2.0166006]]
[5 3][ 0 -1][[5 2]][[5.003858 2.052686]]
[5 3][-1  0][[5 3]][[4.401221  3.0292542]]
[5 3][0 1][[5 3]][[4.9859576 3.5319967]]
[5 3][1 0][[6 3]][[5.9947367 3.019901 ]]
[5 5][ 0 -1][[5 5]][[5.0597095 4.0592866]]
[5 5][-1  0][[5 5]][[4.7737527 5.090293 ]]
[5 5][0 1][[5 6]][[5.0418096 5.538597 ]]
[5 5][1 0][[6 5]][[6.050588 5.0265  ]]
[5 6][ 0 -1][[5 5]][[5.087636 5.062587]]
[5 6][-1  0][[4 6]][[4.94392  6.118065]]
[5 6][0 1][[5 7]][[5.069736 6.541898]]
[5 6][1 0][[6 6]][[6.0785146 6.029801 ]]
[5 7][ 0 -1][[5 6]][[5.1155615 6.0658865]]
[5 7][-1  0][[5 7]][[4.9656568 7.1205063]]
[5 7][0 1][[5 8]][[5.0976615 7.5451975]]
[5 7][1 0][[6 7]][[6.10644  7.033101]]
[5 8][ 0 -1][[5 7]][[5.1434875 7.069186 ]]
[5 8][-1  0][[5 8]][[4.9873924 8.122948 ]]
[5 8][0 1][[5 8]][[5.1255875 8.548497 ]]
[5 8][1 0][[6 8]][[6.134367 8.036401]]
[6 0][ 0 -1][[6 0]][[5.9297204  0.00741544]]
[6 0][-1  0][[5 0]][[5.4201341e+00 3.5405494e-03]]
[6 0][0 1][[6 1]][[5.9646807 1.0021836]]
[6 0][1 0][[7 0]][[6.833428   0.01428722]]
[6 1][ 0 -1][[6 0]][[5.9602923  0.05959928]]
[6 1][-1  0][[5 1]][[4.92921    0.97473747]]
[6 1][0 1][[6 2]][[5.974163  1.8341132]]
[6 1][1 0][[7 1]][[6.8763943 1.0352343]]
[6 2][ 0 -1][[6 1]][[5.9882183 1.0628994]]
[6 2][-1  0][[5 2]][[5.115476  2.0052567]]
[6 2][0 1][[6 3]][[5.9836454 2.666043 ]]
[6 2][1 0][[7 2]][[6.898034  2.0188713]]
[6 3][ 0 -1][[6 2]][[6.0161448 2.0661995]]
[6 3][-1  0][[5 3]][[5.3017426 3.0357757]]
[6 3][0 1][[6 4]][[5.998244  3.5455103]]
[6 3][1 0][[7 3]][[6.91977  3.021313]]
[6 4][ 0 -1][[6 3]][[6.0440702 3.0694997]]
[6 4][-1  0][[6 4]][[5.4880085 4.0662947]]
[6 4][0 1][[6 5]][[6.0261703 4.5488105]]
[6 4][1 0][[6 4]][[6.941506  4.0237546]]
[6 5][ 0 -1][[6 4]][[6.071996  4.0727997]]
[6 5][-1  0][[5 5]][[5.55651   5.0767174]]
[6 5][0 1][[6 6]][[6.054096 5.552111]]
[6 5][1 0][[7 5]][[6.9632416 5.026196 ]]
[6 6][ 0 -1][[6 5]][[6.0999227 5.0761   ]]
[6 6][-1  0][[5 6]][[5.578246  6.0791593]]
[6 6][0 1][[6 7]][[6.0820217 6.555411 ]]
[6 6][1 0][[7 6]][[6.984978  6.0286384]]
[6 7][ 0 -1][[6 6]][[6.127848 6.0794  ]]
[6 7][-1  0][[5 7]][[5.599982  7.0816007]]
[6 7][0 1][[6 8]][[6.1099486 7.558711 ]]
[6 7][1 0][[7 7]][[7.006714  7.0310793]]
[6 8][ 0 -1][[6 7]][[6.155774  7.0827003]]
[6 8][-1  0][[5 8]][[5.621718 8.084043]]
[6 8][0 1][[6 8]][[6.137874 8.562012]]
[6 8][1 0][[7 8]][[7.0284505 8.033521 ]]
[7 0][ 0 -1][[7 0]][[6.9444366  0.01513132]]
[7 0][-1  0][[6 0]][[6.0415983  0.00826615]]
[7 0][0 1][[7 1]][[6.9754114 1.0012348]]
[7 0][1 0][[8 0]][[7.4548917  0.01901282]]
[7 1][ 0 -1][[7 0]][[6.9725795  0.07311279]]
[7 1][-1  0][[6 1]][[5.829732  0.9812587]]
[7 1][0 1][[7 2]][[6.984893  1.8331645]]
[7 1][1 0][[8 1]][[7.5109715 1.0456259]]
[7 2][ 0 -1][[7 1]][[7.0005054 1.0764128]]
[7 2][-1  0][[6 2]][[6.0159974 2.0117779]]
[7 2][0 1][[7 3]][[6.994376  2.6650946]]
[7 2][1 0][[8 2]][[7.53236   1.9799656]]
[7 3][ 0 -1][[7 2]][[7.028431  2.0797129]]
[7 3][-1  0][[6 3]][[6.1473637 3.032928 ]]
[7 3][0 1][[7 3]][[7.010531  3.5590239]]
[7 3][1 0][[8 3]][[7.5540957 2.982407 ]]
[7 5][ 0 -1][[7 5]][[7.084283  4.0863137]]
[7 5][-1  0][[6 5]][[6.190836  5.0378113]]
[7 5][0 1][[7 6]][[7.0663834 5.565624 ]]
[7 5][1 0][[8 5]][[7.597568  4.9872894]]
[7 6][ 0 -1][[7 5]][[7.1122093 5.089613 ]]
[7 6][-1  0][[6 6]][[6.212571  6.0402536]]
[7 6][0 1][[7 7]][[7.094309 6.568924]]
[7 6][1 0][[8 6]][[7.619303  5.9897323]]
[7 7][ 0 -1][[7 6]][[7.140135  6.0929136]]
[7 7][-1  0][[6 7]][[6.2343073 7.042695 ]]
[7 7][0 1][[7 8]][[7.1222343 7.5722246]]
[7 7][1 0][[8 7]][[7.64104  6.992173]]
[7 8][ 0 -1][[7 7]][[7.168061  7.0962133]]
[7 8][-1  0][[6 8]][[6.2560434 8.045136 ]]
[7 8][0 1][[7 8]][[7.150161 8.575524]]
[7 8][1 0][[8 8]][[7.662775 7.994615]]
[8 0][ 0 -1][[8 0]][[7.9092655  0.02246787]]
[8 0][-1  0][[7 0]][[6.663061   0.01299175]]
[8 0][0 1][[8 1]][[7.9219646 0.9913854]]
[8 0][1 0][[8 0]][[8.076356   0.02373843]]
[8 1][ 0 -1][[8 0]][[7.9290466  0.07888462]]
[8 1][-1  0][[7 1]][[6.7302537  0.98778003]]
[8 1][0 1][[8 2]][[7.9252563 1.8224566]]
[8 1][1 0][[8 1]][[8.145549  1.0560173]]
[8 2][ 0 -1][[8 1]][[7.9507823 1.0813262]]
[8 2][-1  0][[7 2]][[6.759953  1.9915808]]
[8 2][0 1][[8 3]][[7.928548  2.6535277]]
[8 2][1 0][[8 2]][[8.166686  1.9410596]]
[8 3][ 0 -1][[8 2]][[7.972519  2.0837677]]
[8 3][-1  0][[7 3]][[6.7816896 2.994022 ]]
[8 3][0 1][[8 3]][[7.94007   3.5610604]]
[8 3][1 0][[8 3]][[8.188423  2.9435008]]
[8 5][ 0 -1][[8 5]][[8.01599   4.0886517]]
[8 5][-1  0][[7 5]][[6.825162  4.9989057]]
[8 5][0 1][[8 6]][[7.983542  5.5659437]]
[8 5][1 0][[8 5]][[8.231894 4.948384]]
[8 6][ 0 -1][[8 5]][[8.037725  5.0910926]]
[8 6][-1  0][[7 6]][[6.8468976 6.0013466]]
[8 6][0 1][[8 7]][[8.005278 6.568386]]
[8 6][1 0][[8 6]][[8.25363   5.9508257]]
[8 7][ 0 -1][[8 6]][[8.059463 6.093534]]
[8 7][-1  0][[7 7]][[6.868633  7.0037885]]
[8 7][0 1][[8 8]][[8.027014  7.5708275]]
[8 7][1 0][[8 7]][[8.275366 6.953267]]
[8 8][ 0 -1][[8 7]][[8.081198  7.0959754]]
[8 8][-1  0][[7 8]][[6.8903685 8.006231 ]]
[8 8][0 1][[8 8]][[8.048749 8.573269]]
[8 8][1 0][[8 8]][[8.297102 7.955709]]
