[0 0][ 0 -1][[0 0]][[0.04216051 0.29309806]]
[0 0][-1  0][[0 0]][[-0.0989918   0.29936686]]
[0 0][0 1][[0 1]][[0.3683241 1.0022353]]
[0 0][1 0][[1 0]][[0.6989321  0.26392984]]
[0 1][ 0 -1][[0 0]][[-0.04013736  0.29675305]]
[0 1][-1  0][[0 1]][[0.02262127 1.0005077 ]]
[0 1][0 1][[0 2]][[0.31800383 1.5690283 ]]
[0 1][1 0][[1 1]][[0.86064583 1.1025828 ]]
[0 2][ 0 -1][[0 1]][[0.02130379 0.99291193]]
[0 2][-1  0][[0 2]][[0.1781971 1.8974555]]
[0 2][0 1][[0 3]][[0.2545849 2.3378575]]
[0 2][1 0][[1 2]][[0.77622396 1.9873031 ]]
[0 3][ 0 -1][[0 2]][[0.19470231 1.9926137 ]]
[0 3][-1  0][[0 3]][[0.35159564 2.8971572 ]]
[0 3][0 1][[0 3]][[0.42285848 3.308012  ]]
[0 3][1 0][[1 3]][[0.6748083 2.9992101]]
[0 5][ 0 -1][[0 5]][[0.5414994 3.9920173]]
[0 5][-1  0][[0 5]][[0.6983926 4.89656  ]]
[0 5][0 1][[0 6]][[0.76965547 5.307415  ]]
[0 5][1 0][[1 5]][[0.71842915 5.012078  ]]
[0 6][ 0 -1][[0 5]][[0.714898  4.9917192]]
[0 6][-1  0][[0 6]][[0.8717913 5.896263 ]]
[0 6][0 1][[0 7]][[0.943054 6.307117]]
[0 6][1 0][[1 6]][[0.89182776 6.01178   ]]
[0 7][ 0 -1][[0 6]][[0.8882964 5.9914207]]
[0 7][-1  0][[0 7]][[1.0451899 6.8959646]]
[0 7][0 1][[0 8]][[1.1162441 7.305616 ]]
[0 7][1 0][[1 7]][[1.0652263 7.0114813]]
[0 8][ 0 -1][[0 7]][[1.061695  6.9911222]]
[0 8][-1  0][[0 8]][[1.2185884 7.895666 ]]
[0 8][0 1][[0 8]][[1.2894051 8.303949 ]]
[0 8][1 0][[1 8]][[1.2386247 8.011183 ]]
[1 0][ 0 -1][[1 0]][[1.1859922  0.24229877]]
[1 0][-1  0][[0 0]][[-0.0989918   0.29936686]]
[1 0][0 1][[1 1]][[1.3946463  0.98055804]]
[1 0][1 0][[2 0]][[1.9484226  0.20843807]]
[1 1][ 0 -1][[1 0]][[0.9820711 0.2513552]]
[1 1][-1  0][[0 1]][[0.03154729 1.0519693 ]]
[1 1][0 1][[1 2]][[1.347983  1.5860369]]
[1 1][1 0][[2 1]][[1.8869681 1.0809056]]
[1 2][ 0 -1][[1 1]][[0.8752703 0.9852779]]
[1 2][-1  0][[0 2]][[0.18341108 1.9275157 ]]
[1 2][0 1][[1 3]][[1.2693869 2.3446465]]
[1 2][1 0][[2 2]][[1.8088876 1.971733 ]]
[1 3][ 0 -1][[1 2]][[0.77385336 1.9971846 ]]
[1 3][-1  0][[0 3]][[0.35680962 2.9272177 ]]
[1 3][0 1][[1 4]][[1.1752295 3.3048897]]
[1 3][1 0][[2 3]][[1.707472  2.9836397]]
[1 4][ 0 -1][[1 3]][[0.67243636 3.0090916 ]]
[1 4][-1  0][[1 4]][[0.5302082 3.9269197]]
[1 4][0 1][[1 5]][[1.0738131 4.3167963]]
[1 4][1 0][[1 4]][[1.6060549 3.9955463]]
[1 5][ 0 -1][[1 4]][[0.57102025 4.020998  ]]
[1 5][-1  0][[0 5]][[0.7036067 4.9266214]]
[1 5][0 1][[1 6]][[0.97239596 5.3287034 ]]
[1 5][1 0][[2 5]][[1.5046378 5.0074534]]
[1 6][ 0 -1][[1 5]][[0.7201119 5.0217795]]
[1 6][-1  0][[0 6]][[0.8770053 5.9263234]]
[1 6][0 1][[1 7]][[0.948268  6.3371773]]
[1 6][1 0][[2 6]][[1.403221 6.01936 ]]
[1 7][ 0 -1][[1 6]][[0.8935104 6.021481 ]]
[1 7][-1  0][[0 7]][[1.0504037 6.9260244]]
[1 7][0 1][[1 8]][[1.1216666 7.336879 ]]
[1 7][1 0][[2 7]][[1.3018044 7.0312667]]
[1 8][ 0 -1][[1 7]][[1.066909  7.0211825]]
[1 8][-1  0][[0 8]][[1.2238023 7.9257264]]
[1 8][0 1][[1 8]][[1.295065 8.33658 ]]
[1 8][1 0][[2 8]][[1.2438388 8.041244 ]]
[2 0][ 0 -1][[2 0]][[2.2082005  0.19690093]]
[2 0][-1  0][[1 0]][[1.0301536  0.24921979]]
[2 0][0 1][[2 1]][[2.420969  0.9588808]]
[2 0][1 0][[3 0]][[2.9633942  0.16336164]]
[2 1][ 0 -1][[2 0]][[2.004279  0.2059574]]
[2 1][-1  0][[1 1]][[0.91638726 1.0159281 ]]
[2 1][0 1][[2 2]][[2.3779619 1.6030457]]
[2 1][1 0][[3 1]][[2.9132903 1.0592283]]
[2 2][ 0 -1][[2 1]][[1.9079345  0.96970785]]
[2 2][-1  0][[1 2]][[1.0620986 1.9353441]]
[2 2][0 1][[2 3]][[2.2990015 2.3507771]]
[2 2][1 0][[3 2]][[2.8415525 1.9561627]]
[2 3][ 0 -1][[2 2]][[1.8065177 1.9816146]]
[2 3][-1  0][[1 3]][[0.9121942 2.9438818]]
[2 3][0 1][[2 3]][[2.2078936 3.2893198]]
[2 3][1 0][[3 3]][[2.7401354 2.9680696]]
[2 5][ 0 -1][[2 5]][[1.6036838 4.005428 ]]
[2 5][-1  0][[1 5]][[0.70882064 4.9566817 ]]
[2 5][0 1][[2 6]][[2.0050602 5.3131323]]
[2 5][1 0][[3 5]][[2.5373013 4.991883 ]]
[2 6][ 0 -1][[2 5]][[1.5022674 5.017335 ]]
[2 6][-1  0][[1 6]][[0.8822192 5.956383 ]]
[2 6][0 1][[2 7]][[1.9036435 6.3250394]]
[2 6][1 0][[3 6]][[2.4358854 6.00379  ]]
[2 7][ 0 -1][[2 6]][[1.4008503 6.0292416]]
[2 7][-1  0][[1 7]][[1.0556178 6.956085 ]]
[2 7][0 1][[2 8]][[1.8022264 7.3369465]]
[2 7][1 0][[3 7]][[2.3344684 7.0156965]]
[2 8][ 0 -1][[2 7]][[1.2994335 7.0411477]]
[2 8][-1  0][[1 8]][[1.2290162 7.955786 ]]
[2 8][0 1][[2 8]][[1.7008098 8.348852 ]]
[2 8][1 0][[3 8]][[2.2330523 8.027603 ]]
[3 0][ 0 -1][[3 0]][[3.230409  0.1515031]]
[3 0][-1  0][[2 0]][[2.5965784  0.17965248]]
[3 0][0 1][[3 1]][[3.4819796  0.93961394]]
[3 0][1 0][[3 0]][[3.9856029  0.11796379]]
[3 1][ 0 -1][[3 0]][[3.026487   0.16055958]]
[3 1][-1  0][[2 1]][[1.9782528 0.9882109]]
[3 1][0 1][[3 2]][[3.0719092 1.5485672]]
[3 1][1 0][[4 1]][[3.9396129 1.0375509]]
[3 2][ 0 -1][[3 1]][[2.9405982  0.95413756]]
[3 2][-1  0][[2 2]][[2.3789487 1.9395221]]
[3 2][0 1][[3 3]][[3.3286164 2.3569088]]
[3 2][1 0][[3 2]][[3.8742163 1.9405925]]
[3 3][ 0 -1][[3 2]][[2.839182  1.9660443]]
[3 3][-1  0][[2 3]][[2.2290442 2.9480596]]
[3 3][0 1][[3 3]][[3.2405577 3.2737494]]
[3 3][1 0][[3 3]][[3.7727993 2.9524994]]
[3 5][ 0 -1][[3 5]][[2.6363482 3.989858 ]]
[3 5][-1  0][[2 5]][[1.9292346 4.9651337]]
[3 5][0 1][[3 6]][[3.037724 5.297562]]
[3 5][1 0][[3 5]][[3.5699658 4.9763126]]
[3 6][ 0 -1][[3 5]][[2.5349312 5.001765 ]]
[3 6][-1  0][[2 6]][[1.77933   5.9736705]]
[3 6][0 1][[3 7]][[2.9363074 6.3094697]]
[3 6][1 0][[4 6]][[3.4685493 5.9882197]]
[3 7][ 0 -1][[3 6]][[2.433514  6.0136704]]
[3 7][-1  0][[2 7]][[1.6294256 6.982208 ]]
[3 7][0 1][[3 8]][[2.8348906 7.3213754]]
[3 7][1 0][[3 7]][[3.3671322 7.0001264]]
[3 8][ 0 -1][[3 7]][[2.3320973 7.0255775]]
[3 8][-1  0][[2 8]][[1.479521 7.990746]]
[3 8][0 1][[3 8]][[2.7334738 8.333283 ]]
[3 8][1 0][[3 8]][[3.2657158 8.012033 ]]
[4 1][ 0 -1][[4 1]][[4.0486956  0.11516175]]
[4 1][-1  0][[3 1]][[3.0401187 0.9604938]]
[4 1][0 1][[4 1]][[4.1089716 1.5283506]]
[4 1][1 0][[5 1]][[4.965935  1.0158738]]
[4 6][ 0 -1][[4 6]][[3.567595  4.9861946]]
[4 6][-1  0][[3 6]][[3.09618   5.9778495]]
[4 6][0 1][[4 6]][[3.9969182 6.2958417]]
[4 6][1 0][[5 6]][[4.5012126 5.9726496]]
[5 0][ 0 -1][[5 0]][[5.081555   0.06929089]]
[5 0][-1  0][[5 0]][[4.9210253  0.07642025]]
[5 0][0 1][[5 1]][[5.042889  0.9182495]]
[5 0][1 0][[6 0]][[6.0300183  0.02716818]]
[5 1][ 0 -1][[5 0]][[4.94665    0.07528223]]
[5 1][-1  0][[4 1]][[4.107815   0.95020187]]
[5 1][0 1][[5 2]][[4.981007  1.6586514]]
[5 1][1 0][[6 1]][[5.9922576 0.9941964]]
[5 2][ 0 -1][[5 1]][[4.9523535  0.93504214]]
[5 2][-1  0][[5 2]][[4.9360127 1.9794899]]
[5 2][0 1][[5 3]][[5.0419307 2.390269 ]]
[5 2][1 0][[6 2]][[5.9395437 1.909452 ]]
[5 3][ 0 -1][[5 2]][[4.920263  1.9456655]]
[5 3][-1  0][[5 3]][[4.8627434 2.9564157]]
[5 3][0 1][[5 3]][[5.0155377 3.2620559]]
[5 3][1 0][[6 3]][[5.8381267 2.9213586]]
[5 5][ 0 -1][[5 5]][[4.8560805 3.9669123]]
[5 5][-1  0][[5 5]][[4.562934 4.97349 ]]
[5 5][0 1][[5 6]][[4.9238377 5.282567 ]]
[5 5][1 0][[6 5]][[5.635294  4.9451723]]
[5 6][ 0 -1][[5 5]][[4.8239903 4.977536 ]]
[5 6][-1  0][[4 6]][[4.4130297 5.982027 ]]
[5 6][0 1][[5 7]][[4.8779874 6.292823 ]]
[5 6][1 0][[6 6]][[5.533877 5.957079]]
[5 7][ 0 -1][[5 6]][[4.8101864 5.990854 ]]
[5 7][-1  0][[5 7]][[4.263125  6.9905643]]
[5 7][0 1][[5 8]][[4.844881 7.303419]]
[5 7][1 0][[6 7]][[5.4324603 6.9689865]]
[5 8][ 0 -1][[5 7]][[4.722529  7.0031285]]
[5 8][-1  0][[5 8]][[4.11322  7.999101]]
[5 8][0 1][[5 8]][[4.81279  8.314042]]
[5 8][1 0][[6 8]][[5.3310437 7.9808927]]
[6 0][ 0 -1][[6 0]][[6.079431   0.02497369]]
[6 0][-1  0][[5 0]][[5.20267    0.06391199]]
[6 0][0 1][[6 1]][[5.9649587  0.91646194]]
[6 0][1 0][[7 0]][[ 7.052227   -0.01822966]]
[6 1][ 0 -1][[6 0]][[5.9445267 0.030965 ]]
[6 1][-1  0][[5 1]][[5.0011473 1.0616314]]
[6 1][0 1][[6 2]][[6.0059032 1.714088 ]]
[6 1][1 0][[7 1]][[7.0185804  0.97251904]]
[6 2][ 0 -1][[6 1]][[5.962637   0.95368695]]
[6 2][-1  0][[5 2]][[5.2198343 1.9883604]]
[6 2][0 1][[6 3]][[5.9948125 2.417026 ]]
[6 2][1 0][[7 2]][[6.9722085 1.8938817]]
[6 3][ 0 -1][[6 2]][[5.9322453 1.9522192]]
[6 3][-1  0][[5 3]][[5.1816425 2.9441137]]
[6 3][0 1][[6 4]][[5.9852276 3.2674792]]
[6 3][1 0][[7 3]][[6.870792 2.905789]]
[6 4][ 0 -1][[6 3]][[5.9001546 2.9628432]]
[6 4][-1  0][[6 4]][[5.1357923 3.9543695]]
[6 4][0 1][[6 5]][[5.9531355 4.2781024]]
[6 4][1 0][[6 4]][[6.769375  3.9176955]]
[6 5][ 0 -1][[6 4]][[5.8680634 3.9734669]]
[6 5][-1  0][[5 5]][[5.0899425 4.964625 ]]
[6 5][0 1][[6 6]][[5.921046 5.288726]]
[6 5][1 0][[7 5]][[6.667958 4.929602]]
[6 6][ 0 -1][[6 5]][[5.8359723 4.98409  ]]
[6 6][-1  0][[5 6]][[5.0440927 5.97488  ]]
[6 6][0 1][[6 7]][[5.8889546 6.29935  ]]
[6 6][1 0][[7 6]][[6.566541  5.9415092]]
[6 7][ 0 -1][[6 6]][[5.8038816 5.994713 ]]
[6 7][-1  0][[5 7]][[4.998242 6.985136]]
[6 7][0 1][[6 8]][[5.8568635 7.3099732]]
[6 7][1 0][[7 7]][[6.4651246 6.9534154]]
[6 8][ 0 -1][[6 7]][[5.7717905 7.0053363]]
[6 8][-1  0][[5 8]][[4.9523916 7.995391 ]]
[6 8][0 1][[6 8]][[5.824773 8.320597]]
[6 8][1 0][[7 8]][[6.363707 7.965322]]
[7 0][ 0 -1][[7 0]][[ 7.077307   -0.01934353]]
[7 0][-1  0][[6 0]][[5.9754357  0.02959228]]
[7 0][0 1][[7 1]][[6.9705997  0.91690874]]
[7 0][1 0][[8 0]][[ 7.951547   -0.05816984]]
[7 1][ 0 -1][[7 0]][[ 6.9424033  -0.01335222]]
[7 1][-1  0][[6 1]][[6.026202 1.10604 ]]
[7 1][0 1][[7 2]][[7.015201  1.7532207]]
[7 1][1 0][[8 1]][[8.024768  0.9505093]]
[7 2][ 0 -1][[7 1]][[6.97157   0.9819422]]
[7 2][-1  0][[6 2]][[6.028385  2.0112588]]
[7 2][0 1][[7 3]][[7.0037456 2.4452813]]
[7 2][1 0][[8 2]][[8.002479 1.895354]]
[7 3][ 0 -1][[7 2]][[6.9442277 1.958773 ]]
[7 3][-1  0][[6 3]][[6.007002  2.9456782]]
[7 3][0 1][[7 3]][[6.9969325 3.276003 ]]
[7 3][1 0][[8 3]][[7.903456  2.8902183]]
[7 5][ 0 -1][[7 5]][[6.880046 3.98002 ]]
[7 5][-1  0][[6 5]][[5.94282   4.9669247]]
[7 5][0 1][[7 6]][[6.9330277 5.2952795]]
[7 5][1 0][[8 5]][[7.700622 4.914032]]
[7 6][ 0 -1][[7 5]][[6.8479548 4.990643 ]]
[7 6][-1  0][[6 6]][[5.9107285 5.9775486]]
[7 6][0 1][[7 7]][[6.900937 6.305903]]
[7 6][1 0][[8 6]][[7.5992055 5.9259386]]
[7 7][ 0 -1][[7 6]][[6.8158636 6.0012674]]
[7 7][-1  0][[6 7]][[5.878638 6.988172]]
[7 7][0 1][[7 8]][[6.868846  7.3165264]]
[7 7][1 0][[8 7]][[7.4977884 6.937845 ]]
[7 8][ 0 -1][[7 7]][[6.783773  7.0118904]]
[7 8][-1  0][[6 8]][[5.8465476 7.9987955]]
[7 8][0 1][[7 8]][[6.8367553 8.327149 ]]
[7 8][1 0][[8 8]][[7.3963714 7.949752 ]]
[8 0][ 0 -1][[8 0]][[ 8.075185   -0.06366077]]
[8 0][-1  0][[7 0]][[ 6.9733124  -0.01472494]]
[8 0][0 1][[8 1]][[7.9762406 0.9173554]]
[8 0][1 0][[8 0]][[ 7.954578   -0.05830443]]
[8 1][ 0 -1][[8 0]][[ 7.9403367  -0.05733854]]
[8 1][-1  0][[7 1]][[7.0318427 1.1064867]]
[8 1][0 1][[8 2]][[8.024499  1.7923537]]
[8 1][1 0][[8 1]][[8.0211115 0.9118233]]
[8 2][ 0 -1][[8 1]][[7.9805045 1.0101972]]
[8 2][-1  0][[7 2]][[7.0373187 2.039514 ]]
[8 2][0 1][[8 3]][[8.012679  2.4735363]]
[8 2][1 0][[8 2]][[8.086034  1.8858622]]
[8 3][ 0 -1][[8 2]][[7.9562116 1.965327 ]]
[8 3][-1  0][[7 3]][[7.0189843 2.9522321]]
[8 3][0 1][[8 3]][[8.005867  3.3042583]]
[8 3][1 0][[8 3]][[8.094115  2.8607438]]
[8 5][ 0 -1][[8 5]][[7.892029 3.986574]]
[8 5][-1  0][[7 5]][[6.9548025 4.9734793]]
[8 5][0 1][[8 6]][[7.9450107 5.3018336]]
[8 5][1 0][[8 5]][[8.09939  4.887994]]
[8 6][ 0 -1][[8 5]][[7.8599377 4.997197 ]]
[8 6][-1  0][[7 6]][[6.922712  5.9841027]]
[8 6][0 1][[8 7]][[7.9129195 6.3124576]]
[8 6][1 0][[8 6]][[8.102028 5.901619]]
[8 7][ 0 -1][[8 6]][[7.8278465 6.0078206]]
[8 7][-1  0][[7 7]][[6.8906207 6.994726 ]]
[8 7][0 1][[8 8]][[7.8808284 7.32308  ]]
[8 7][1 0][[8 7]][[8.104666 6.915244]]
[8 8][ 0 -1][[8 7]][[7.7957554 7.0184436]]
[8 8][-1  0][[7 8]][[6.85853  8.005349]]
[8 8][0 1][[8 8]][[7.848738 8.333704]]
[8 8][1 0][[8 8]][[8.107304  7.9288692]]
