[0 0][ 0 -1][[0 0]][[-0.08304843  0.18648204]]
[0 0][-1  0][[0 0]][[-0.08304843  0.18648204]]
[0 0][0 1][[0 1]][[0.00877859 1.023468  ]]
[0 0][1 0][[1 0]][[0.43160573 0.17457923]]
[0 1][ 0 -1][[0 0]][[-0.08304843  0.18648204]]
[0 1][-1  0][[0 1]][[0.00334109 0.9739063 ]]
[0 1][0 1][[0 2]][[0.08634235 1.7304472 ]]
[0 1][1 0][[1 1]][[0.45819262 1.0128363 ]]
[0 2][ 0 -1][[0 1]][[0.00362859 0.97652686]]
[0 2][-1  0][[0 2]][[0.10740924 1.922468  ]]
[0 2][0 1][[0 3]][[0.1904105 2.6790087]]
[0 2][1 0][[1 2]][[0.4960033 1.9629304]]
[0 3][ 0 -1][[0 2]][[0.10769676 1.9250886 ]]
[0 3][-1  0][[0 3]][[0.21147737 2.8710294 ]]
[0 3][0 1][[0 3]][[0.29447868 3.6275709 ]]
[0 3][1 0][[1 3]][[0.5338135 2.9130247]]
[0 5][ 0 -1][[0 5]][[0.31583303 3.8222117 ]]
[0 5][-1  0][[0 5]][[0.41961363 4.7681518 ]]
[0 5][0 1][[0 6]][[0.502615  5.5246935]]
[0 5][1 0][[1 5]][[0.6094341 4.8132124]]
[0 6][ 0 -1][[0 5]][[0.41990116 4.770773  ]]
[0 6][-1  0][[0 6]][[0.5236819 5.7167144]]
[0 6][0 1][[0 7]][[0.60668314 6.473255  ]]
[0 6][1 0][[1 6]][[0.6472442 5.7633057]]
[0 7][ 0 -1][[0 6]][[0.5239693 5.719334 ]]
[0 7][-1  0][[0 7]][[0.6277499 6.665275 ]]
[0 7][0 1][[0 8]][[0.7107512 7.421817 ]]
[0 7][1 0][[1 7]][[0.6850543 6.7133994]]
[0 8][ 0 -1][[0 7]][[0.62803745 6.6678963 ]]
[0 8][-1  0][[0 8]][[0.7318181 7.613837 ]]
[0 8][0 1][[0 8]][[0.81481934 8.3703785 ]]
[0 8][1 0][[1 8]][[0.7372296 7.6631618]]
[1 0][ 0 -1][[1 0]][[0.47645375 0.17354201]]
[1 0][-1  0][[0 0]][[-0.08304843  0.18648204]]
[1 0][0 1][[1 1]][[0.54333735 1.027694  ]]
[1 0][1 0][[2 0]][[1.5358877  0.14903966]]
[1 1][ 0 -1][[1 0]][[0.48854706 0.17326231]]
[1 1][-1  0][[0 1]][[0.16085881 0.9901135 ]]
[1 1][0 1][[1 2]][[0.57599294 1.738973  ]]
[1 1][1 0][[2 1]][[1.5643606 1.0071033]]
[1 2][ 0 -1][[1 1]][[0.5111383 0.9846395]]
[1 2][-1  0][[0 2]][[0.19866943 1.9402075 ]]
[1 2][0 1][[1 3]][[0.6138036 2.6890671]]
[1 2][1 0][[2 2]][[1.6021707 1.9571975]]
[1 3][ 0 -1][[1 2]][[0.548949  1.9347337]]
[1 3][-1  0][[0 3]][[0.23648009 2.8903015 ]]
[1 3][0 1][[1 4]][[0.6516137 3.639161 ]]
[1 3][1 0][[2 3]][[1.6399814 2.9072914]]
[1 4][ 0 -1][[1 3]][[0.5867591 2.8848274]]
[1 4][-1  0][[1 4]][[0.3177178 3.8393908]]
[1 4][0 1][[1 5]][[0.6894243 4.589255 ]]
[1 4][1 0][[1 4]][[1.6777915 3.8573856]]
[1 5][ 0 -1][[1 4]][[0.6245698 3.8349216]]
[1 5][-1  0][[0 5]][[0.42178592 4.7879524 ]]
[1 5][0 1][[1 6]][[0.72723496 5.5393486 ]]
[1 5][1 0][[2 5]][[1.7156022 4.8074794]]
[1 6][ 0 -1][[1 5]][[0.66238034 4.7850156 ]]
[1 6][-1  0][[0 6]][[0.5258541 5.736514 ]]
[1 6][0 1][[1 7]][[0.76504457 6.489443  ]]
[1 6][1 0][[2 6]][[1.7534121 5.7575736]]
[1 7][ 0 -1][[1 6]][[0.7001904 5.735109 ]]
[1 7][-1  0][[0 7]][[0.62992215 6.6850753 ]]
[1 7][0 1][[1 8]][[0.80285525 7.439537  ]]
[1 7][1 0][[2 7]][[1.7912228 6.707667 ]]
[1 8][ 0 -1][[1 7]][[0.73800063 6.6852036 ]]
[1 8][-1  0][[0 8]][[0.73399043 7.6336374 ]]
[1 8][0 1][[1 8]][[0.8406658 8.389631 ]]
[1 8][1 0][[2 8]][[1.8290335 7.6577606]]
[2 0][ 0 -1][[2 0]][[1.5807363  0.14800242]]
[2 0][-1  0][[1 0]][[0.93497276 0.16293748]]
[2 0][0 1][[2 1]][[1.6494353 1.0187014]]
[2 0][1 0][[3 0]][[2.6401699  0.12350007]]
[2 1][ 0 -1][[2 0]][[1.5925432  0.14772934]]
[2 1][-1  0][[1 1]][[1.267027  0.9843806]]
[2 1][0 1][[2 2]][[1.6821609 1.7332401]]
[2 1][1 0][[3 1]][[2.6705282 1.0013704]]
[2 2][ 0 -1][[2 1]][[1.6173068  0.97890663]]
[2 2][-1  0][[1 2]][[1.3048375 1.9344746]]
[2 2][0 1][[2 3]][[1.7199715 2.683334 ]]
[2 2][1 0][[3 2]][[2.7083387 1.9514645]]
[2 3][ 0 -1][[2 2]][[1.655117  1.9290007]]
[2 3][-1  0][[1 3]][[1.3426481 2.8845685]]
[2 3][0 1][[2 3]][[1.7577822 3.6334286]]
[2 3][1 0][[3 3]][[2.7461495 2.9015584]]
[2 5][ 0 -1][[2 5]][[1.7307382 3.8291886]]
[2 5][-1  0][[1 5]][[1.4182688 4.784756 ]]
[2 5][0 1][[2 6]][[1.833403  5.5336156]]
[2 5][1 0][[3 5]][[2.8217697 4.801747 ]]
[2 6][ 0 -1][[2 5]][[1.7685484 4.7792826]]
[2 6][-1  0][[1 6]][[1.4560786 5.73485  ]]
[2 6][0 1][[2 7]][[1.8712131 6.4837103]]
[2 6][1 0][[3 6]][[2.8595803 5.7518396]]
[2 7][ 0 -1][[2 6]][[1.8063577 5.7293763]]
[2 7][-1  0][[1 7]][[1.4938892 6.684944 ]]
[2 7][0 1][[2 8]][[1.9090232 7.4338036]]
[2 7][1 0][[3 7]][[2.8973908 6.701934 ]]
[2 8][ 0 -1][[2 7]][[1.8441685 6.6794696]]
[2 8][-1  0][[1 8]][[1.5316997 7.635039 ]]
[2 8][0 1][[2 8]][[1.9468337 8.383899 ]]
[2 8][1 0][[3 8]][[2.9352012 7.6520286]]
[3 0][ 0 -1][[3 0]][[2.6850185  0.12246282]]
[3 0][-1  0][[2 0]][[2.234772   0.13287602]]
[3 0][0 1][[3 1]][[2.7555327 1.0097089]]
[3 0][1 0][[3 0]][[3.7444522  0.09796048]]
[3 1][ 0 -1][[3 0]][[2.6965392  0.12219638]]
[3 1][-1  0][[2 1]][[2.3731952 0.9786476]]
[3 1][0 1][[3 2]][[2.788329  1.7275071]]
[3 1][1 0][[4 1]][[3.7766962  0.99563754]]
[3 2][ 0 -1][[3 1]][[2.7234745 0.9731736]]
[3 2][-1  0][[2 2]][[2.4110057 1.9287416]]
[3 2][0 1][[3 3]][[2.8261397 2.677601 ]]
[3 2][1 0][[3 2]][[3.8145068 1.9457318]]
[3 3][ 0 -1][[3 2]][[2.761285  1.9232678]]
[3 3][-1  0][[2 3]][[2.4488163 2.8788357]]
[3 3][0 1][[3 3]][[2.8639503 3.6276953]]
[3 3][1 0][[3 3]][[3.852317  2.8958256]]
[3 5][ 0 -1][[3 5]][[2.836906  3.8234556]]
[3 5][-1  0][[2 5]][[2.524437 4.779023]]
[3 5][0 1][[3 6]][[2.9395711 5.527883 ]]
[3 5][1 0][[3 5]][[3.9279375 4.7960134]]
[3 6][ 0 -1][[3 5]][[2.8747163 4.77355  ]]
[3 6][-1  0][[2 6]][[2.562247  5.7291174]]
[3 6][0 1][[3 7]][[2.9773817 6.4779763]]
[3 6][1 0][[4 6]][[3.9657483 5.746107 ]]
[3 7][ 0 -1][[3 6]][[2.9125264 5.7236423]]
[3 7][-1  0][[2 7]][[2.6000574 6.679211 ]]
[3 7][0 1][[3 8]][[3.0151913 7.428071 ]]
[3 7][1 0][[3 7]][[4.0035586 6.6962013]]
[3 8][ 0 -1][[3 7]][[2.9503372 6.6737375]]
[3 8][-1  0][[2 8]][[2.6378677 7.629305 ]]
[3 8][0 1][[3 8]][[3.0530019 8.378165 ]]
[3 8][1 0][[3 8]][[4.041369 7.646295]]
[4 1][ 0 -1][[4 1]][[3.800534   0.09666344]]
[4 1][-1  0][[3 1]][[3.4793632 0.9729146]]
[4 1][0 1][[4 1]][[3.8944972 1.721774 ]]
[4 1][1 0][[5 1]][[4.8828645  0.98990464]]
[4 6][ 0 -1][[4 6]][[3.980884  4.7678165]]
[4 6][-1  0][[3 6]][[3.668415  5.7233844]]
[4 6][0 1][[4 6]][[4.083549  6.4722443]]
[4 6][1 0][[5 6]][[5.0719166 5.740374 ]]
[5 0][ 0 -1][[5 0]][[4.8935823  0.07138366]]
[5 0][-1  0][[5 0]][[4.554174   0.07923342]]
[5 0][0 1][[5 1]][[4.9677277 0.9917239]]
[5 0][1 0][[6 0]][[5.9526277 0.0468903]]
[5 1][ 0 -1][[5 0]][[4.90453    0.07113046]]
[5 1][-1  0][[4 1]][[4.5855308 0.9671818]]
[5 1][0 1][[5 2]][[5.0006647 1.7160411]]
[5 1][1 0][[6 1]][[5.9890323 0.9841716]]
[5 2][ 0 -1][[5 1]][[4.9358106 0.9617077]]
[5 2][-1  0][[5 2]][[4.6233416 1.9172758]]
[5 2][0 1][[5 3]][[5.038475  2.6661353]]
[5 2][1 0][[6 2]][[6.0268426 1.9342657]]
[5 3][ 0 -1][[5 2]][[4.973621  1.9118019]]
[5 3][-1  0][[5 3]][[4.6611514 2.8673694]]
[5 3][0 1][[5 3]][[5.0762863 3.6162295]]
[5 3][1 0][[6 3]][[6.064653  2.8843598]]
[5 5][ 0 -1][[5 5]][[5.049242  3.8119898]]
[5 5][-1  0][[5 5]][[4.7367725 4.767557 ]]
[5 5][0 1][[5 6]][[5.1519065 5.516417 ]]
[5 5][1 0][[6 5]][[6.140274  4.7845473]]
[5 6][ 0 -1][[5 5]][[5.0870523 4.7620835]]
[5 6][-1  0][[4 6]][[4.7745833 5.717652 ]]
[5 6][0 1][[5 7]][[5.189717  6.4665112]]
[5 6][1 0][[6 6]][[6.1780844 5.7346416]]
[5 7][ 0 -1][[5 6]][[5.124862  5.7121773]]
[5 7][-1  0][[5 7]][[4.812393  6.6677446]]
[5 7][0 1][[5 8]][[5.2275276 7.4166045]]
[5 7][1 0][[6 7]][[6.215895 6.684735]]
[5 8][ 0 -1][[5 7]][[5.162673 6.662271]]
[5 8][-1  0][[5 8]][[4.850204  7.6178393]]
[5 8][0 1][[5 8]][[5.265338 8.3667  ]]
[5 8][1 0][[6 8]][[6.253705  7.6348295]]
[6 0][ 0 -1][[6 0]][[5.9978647  0.04584406]]
[6 0][-1  0][[5 0]][[5.04441    0.06789535]]
[6 0][0 1][[6 1]][[6.073826  0.9827312]]
[6 0][1 0][[7 0]][[7.05739    0.02834468]]
[6 1][ 0 -1][[6 0]][[6.008526   0.04559751]]
[6 1][-1  0][[5 1]][[5.0593433 0.9665898]]
[6 1][0 1][[6 2]][[6.1068335 1.7103083]]
[6 1][1 0][[7 1]][[7.0952005  0.97843874]]
[6 2][ 0 -1][[6 1]][[6.041979  0.9559748]]
[6 2][-1  0][[5 2]][[5.079852  1.9168245]]
[6 2][0 1][[6 3]][[6.144644  2.6604023]]
[6 2][1 0][[7 2]][[7.133011  1.9285328]]
[6 3][ 0 -1][[6 2]][[6.079789 1.906069]]
[6 3][-1  0][[5 3]][[5.100362 2.867059]]
[6 3][0 1][[6 4]][[6.182454  3.6104963]]
[6 3][1 0][[7 3]][[7.1708217 2.8786268]]
[6 4][ 0 -1][[6 3]][[6.1175995 2.8561628]]
[6 4][-1  0][[6 4]][[5.123429 3.817284]]
[6 4][0 1][[6 5]][[6.2202644 4.5605903]]
[6 4][1 0][[6 4]][[7.208632  3.8287206]]
[6 5][ 0 -1][[6 4]][[6.1554103 3.806257 ]]
[6 5][-1  0][[5 5]][[5.154275  4.7674804]]
[6 5][0 1][[6 6]][[6.258075 5.510684]]
[6 5][1 0][[7 5]][[7.2464423 4.7788143]]
[6 6][ 0 -1][[6 5]][[6.1932206 4.7563505]]
[6 6][-1  0][[5 6]][[5.185122 5.717676]]
[6 6][0 1][[6 7]][[6.2958856 6.460778 ]]
[6 6][1 0][[7 6]][[7.284252  5.7289085]]
[6 7][ 0 -1][[6 6]][[6.231031  5.7064443]]
[6 7][-1  0][[5 7]][[5.2159686 6.667873 ]]
[6 7][0 1][[6 8]][[6.333696 7.410872]]
[6 7][1 0][[7 7]][[7.322063  6.6790023]]
[6 8][ 0 -1][[6 7]][[6.268841 6.656538]]
[6 8][-1  0][[5 8]][[5.2468147 7.6180687]]
[6 8][0 1][[6 8]][[6.371506 8.360967]]
[6 8][1 0][[7 8]][[7.3598733 7.629096 ]]
[7 0][ 0 -1][[7 0]][[7.1021476  0.02030447]]
[7 0][-1  0][[6 0]][[5.998798   0.04582249]]
[7 0][0 1][[7 1]][[7.179923  0.9737388]]
[7 0][1 0][[8 0]][[8.031663   0.02368401]]
[7 1][ 0 -1][[7 0]][[7.1125216  0.02006455]]
[7 1][-1  0][[6 1]][[6.0263796 0.9662578]]
[7 1][0 1][[7 2]][[7.2130013 1.7045754]]
[7 1][1 0][[8 1]][[8.052173  0.9739187]]
[7 2][ 0 -1][[7 1]][[7.1481466 0.9502418]]
[7 2][-1  0][[6 2]][[6.057226  1.9164541]]
[7 2][0 1][[7 3]][[7.2508116 2.6546693]]
[7 2][1 0][[8 2]][[8.072682  1.9241534]]
[7 3][ 0 -1][[7 2]][[7.185957 1.900336]]
[7 3][-1  0][[6 3]][[6.0880723 2.8666506]]
[7 3][0 1][[7 3]][[7.2886224 3.6047637]]
[7 3][1 0][[8 3]][[8.093192 2.874388]]
[7 5][ 0 -1][[7 5]][[7.261578  3.8005238]]
[7 5][-1  0][[6 5]][[6.1497655 4.7670426]]
[7 5][0 1][[7 6]][[7.364242 5.504951]]
[7 5][1 0][[8 5]][[8.134211 4.774857]]
[7 6][ 0 -1][[7 5]][[7.299388  4.7506175]]
[7 6][-1  0][[6 6]][[6.180612  5.7172384]]
[7 6][0 1][[7 7]][[7.402053  6.4550447]]
[7 6][1 0][[8 6]][[8.15472   5.7250915]]
[7 7][ 0 -1][[7 6]][[7.3371987 5.700711 ]]
[7 7][-1  0][[6 7]][[6.2114587 6.6674347]]
[7 7][0 1][[7 8]][[7.4398637 7.405139 ]]
[7 7][1 0][[8 7]][[8.17523   6.6753263]]
[7 8][ 0 -1][[7 7]][[7.375009  6.6508055]]
[7 8][-1  0][[6 8]][[6.242305 7.617631]]
[7 8][0 1][[7 8]][[7.477674 8.355233]]
[7 8][1 0][[8 8]][[8.19574   7.6255608]]
[8 0][ 0 -1][[8 0]][[ 8.0313644e+00 -1.1862516e-03]]
[8 0][-1  0][[7 0]][[6.9918175  0.02285616]]
[8 0][0 1][[8 1]][[8.076601  0.9664488]]
[8 0][1 0][[8 0]][[8.0317335  0.02694361]]
[8 1][ 0 -1][[8 0]][[ 8.0241795e+00 -1.0200739e-03]]
[8 1][-1  0][[7 1]][[7.02187   0.9658202]]
[8 1][0 1][[8 2]][[8.092448  1.7006856]]
[8 1][1 0][[8 1]][[8.052243  0.9771782]]
[8 2][ 0 -1][[8 1]][[8.04436    0.94621587]]
[8 2][-1  0][[7 2]][[7.052717  1.9160165]]
[8 2][0 1][[8 3]][[8.112958  2.6509204]]
[8 2][1 0][[8 2]][[8.072753  1.9274131]]
[8 3][ 0 -1][[8 2]][[8.06487   1.8964509]]
[8 3][-1  0][[7 3]][[7.083564  2.8662126]]
[8 3][0 1][[8 3]][[8.133468  3.6011553]]
[8 3][1 0][[8 3]][[8.093262  2.8776479]]
[8 5][ 0 -1][[8 5]][[8.105889  3.7969196]]
[8 5][-1  0][[7 5]][[7.1452565 4.7666044]]
[8 5][0 1][[8 6]][[8.174487 5.501624]]
[8 5][1 0][[8 5]][[8.134281  4.7781167]]
[8 6][ 0 -1][[8 5]][[8.126399 4.747154]]
[8 6][-1  0][[7 6]][[7.1761026 5.7168016]]
[8 6][0 1][[8 7]][[8.194997 6.451859]]
[8 6][1 0][[8 6]][[8.154791  5.7283516]]
[8 7][ 0 -1][[8 6]][[8.146908 5.697388]]
[8 7][-1  0][[7 7]][[7.2069497 6.666997 ]]
[8 7][0 1][[8 8]][[8.215507  7.4020934]]
[8 7][1 0][[8 7]][[8.175301 6.678585]]
[8 8][ 0 -1][[8 7]][[8.167418 6.647623]]
[8 8][-1  0][[7 8]][[7.2377963 7.617193 ]]
[8 8][0 1][[8 8]][[8.236016 8.352328]]
[8 8][1 0][[8 8]][[8.19581  7.628821]]
