[0 0][ 0 -1][[0 0]][[-0.07381214  0.10414019]]
[0 0][-1  0][[0 0]][[-0.07381214  0.10414019]]
[0 0][0 1][[0 1]][[-0.03924309  0.861025  ]]
[0 0][1 0][[1 0]][[0.09000073 0.1011451 ]]
[0 1][ 0 -1][[0 0]][[-0.07381214  0.10414019]]
[0 1][-1  0][[0 1]][[-0.03386516  0.9787741 ]]
[0 1][0 1][[0 2]][[0.00870309 1.9108003 ]]
[0 1][1 0][[1 1]][[0.6264009 1.1605506]]
[0 2][ 0 -1][[0 1]][[-0.03335378  0.9899708 ]]
[0 2][-1  0][[0 2]][[0.01163045 1.9748946 ]]
[0 2][0 1][[0 3]][[0.05664928 2.960576  ]]
[0 2][1 0][[1 2]][[0.57374173 2.1584659 ]]
[0 3][ 0 -1][[0 2]][[0.02157238 2.1925719 ]]
[0 3][-1  0][[0 3]][[0.05712606 2.971015  ]]
[0 3][0 1][[0 3]][[0.0963989 3.830889 ]]
[0 3][1 0][[1 3]][[0.52108204 3.156381  ]]
[0 5][ 0 -1][[0 5]][[0.11300437 4.1944633 ]]
[0 5][-1  0][[0 5]][[0.14811727 4.963256  ]]
[0 5][0 1][[0 6]][[0.18739013 5.8231297 ]]
[0 5][1 0][[1 5]][[0.41576225 5.1522117 ]]
[0 6][ 0 -1][[0 5]][[0.15849996 5.190583  ]]
[0 6][-1  0][[0 6]][[0.19361289 5.9593763 ]]
[0 6][0 1][[0 7]][[0.23288573 6.81925   ]]
[0 6][1 0][[1 6]][[0.36310208 6.150126  ]]
[0 7][ 0 -1][[0 6]][[0.20399557 6.1867037 ]]
[0 7][-1  0][[0 7]][[0.23910852 6.955497  ]]
[0 7][0 1][[0 8]][[0.27838135 7.8153706 ]]
[0 7][1 0][[1 7]][[0.31044292 7.1480417 ]]
[0 8][ 0 -1][[0 7]][[0.2494912 7.1828246]]
[0 8][-1  0][[0 8]][[0.28460413 7.951618  ]]
[0 8][0 1][[0 8]][[0.32387698 8.811492  ]]
[0 8][1 0][[1 8]][[0.29345042 8.145306  ]]
[1 0][ 0 -1][[1 0]][[0.7803302  0.18901336]]
[1 0][-1  0][[0 0]][[-0.04406108  0.10359623]]
[1 0][0 1][[1 1]][[0.7124045 1.2410662]]
[1 0][1 0][[2 0]][[1.6985874  0.19924593]]
[1 1][ 0 -1][[1 0]][[0.76211137 0.1899356 ]]
[1 1][-1  0][[0 1]][[-0.03485269  0.95715237]]
[1 1][0 1][[1 2]][[0.7067927 2.0851681]]
[1 1][1 0][[2 1]][[1.6485853 1.1202216]]
[1 2][ 0 -1][[1 1]][[0.71003187 1.1710502 ]]
[1 2][-1  0][[0 2]][[0.01064292 1.9532727 ]]
[1 2][0 1][[1 3]][[0.70118093 2.92927   ]]
[1 2][1 0][[2 2]][[1.5959257 2.118137 ]]
[1 3][ 0 -1][[1 2]][[0.65737265 2.1689656 ]]
[1 3][-1  0][[0 3]][[0.05613855 2.9493933 ]]
[1 3][0 1][[1 4]][[0.68790394 3.7984345 ]]
[1 3][1 0][[2 3]][[1.5432655 3.1160517]]
[1 4][ 0 -1][[1 3]][[0.6047127 3.1668808]]
[1 4][-1  0][[1 4]][[0.10163416 3.945514  ]]
[1 4][0 1][[1 5]][[0.63524425 4.796349  ]]
[1 4][1 0][[1 4]][[1.4906058 4.113967 ]]
[1 5][ 0 -1][[1 4]][[0.5520524 4.164796 ]]
[1 5][-1  0][[0 5]][[0.14712976 4.941634  ]]
[1 5][0 1][[1 6]][[0.58258355 5.794264  ]]
[1 5][1 0][[2 5]][[1.4379462 5.111882 ]]
[1 6][ 0 -1][[1 5]][[0.499393  5.1627107]]
[1 6][-1  0][[0 6]][[0.19262536 5.9377546 ]]
[1 6][0 1][[1 7]][[0.5299244 6.7921796]]
[1 6][1 0][[2 6]][[1.385286 6.109797]]
[1 7][ 0 -1][[1 6]][[0.44673306 6.1606264 ]]
[1 7][-1  0][[0 7]][[0.23812099 6.933875  ]]
[1 7][0 1][[1 8]][[0.47726429 7.790095  ]]
[1 7][1 0][[2 7]][[1.3326265 7.107713 ]]
[1 8][ 0 -1][[1 7]][[0.39407265 7.158541  ]]
[1 8][-1  0][[0 8]][[0.2836166 7.9299955]]
[1 8][0 1][[1 8]][[0.42460412 8.78801   ]]
[1 8][1 0][[2 8]][[1.2799662 8.105628 ]]
[2 0][ 0 -1][[2 0]][[1.8029085  0.13724922]]
[2 0][-1  0][[1 0]][[0.9800266  0.08487225]]
[2 0][0 1][[2 1]][[1.7346944 1.200391 ]]
[2 0][1 0][[3 0]][[2.7211661  0.14748175]]
[2 1][ 0 -1][[2 0]][[1.7846903  0.13817145]]
[2 1][-1  0][[1 1]][[0.9259053  0.91794634]]
[2 1][0 1][[2 2]][[1.729082  2.0444932]]
[2 1][1 0][[3 1]][[2.6707687 1.0798926]]
[2 2][ 0 -1][[2 1]][[1.7322162 1.1307212]]
[2 2][-1  0][[1 2]][[0.8732456 1.9158614]]
[2 2][0 1][[2 3]][[1.7234713 2.8885946]]
[2 2][1 0][[3 2]][[2.6181095 2.077808 ]]
[2 3][ 0 -1][[2 2]][[1.6795559 2.1286366]]
[2 3][-1  0][[1 3]][[0.8205855 2.9137766]]
[2 3][0 1][[2 3]][[1.7100878 3.758105 ]]
[2 3][1 0][[3 3]][[2.5654492 3.0757227]]
[2 5][ 0 -1][[2 5]][[1.5742365 4.1244674]]
[2 5][-1  0][[1 5]][[0.71526587 4.9096074 ]]
[2 5][0 1][[2 6]][[1.6047679 5.7539353]]
[2 5][1 0][[3 5]][[2.4601295 5.0715537]]
[2 6][ 0 -1][[2 5]][[1.5215769 5.1223817]]
[2 6][-1  0][[1 6]][[0.66260624 5.9075212 ]]
[2 6][0 1][[2 7]][[1.5521083 6.7518506]]
[2 6][1 0][[3 6]][[2.40747   6.0694685]]
[2 7][ 0 -1][[2 6]][[1.4689169 6.1202965]]
[2 7][-1  0][[1 7]][[0.60994637 6.905437  ]]
[2 7][0 1][[2 8]][[1.4994482 7.749766 ]]
[2 7][1 0][[3 7]][[2.35481  7.067384]]
[2 8][ 0 -1][[2 7]][[1.416257 7.118212]]
[2 8][-1  0][[1 8]][[0.55728644 7.9033527 ]]
[2 8][0 1][[2 8]][[1.4467885 8.747681 ]]
[2 8][1 0][[3 8]][[2.30215  8.065299]]
[3 0][ 0 -1][[3 0]][[2.8254874  0.08548506]]
[3 0][-1  0][[2 0]][[2.0041144  0.06614825]]
[3 0][0 1][[3 1]][[2.756983 1.159716]]
[3 0][1 0][[3 0]][[3.7437449  0.09571762]]
[3 1][ 0 -1][[3 0]][[2.807059   0.09247705]]
[3 1][-1  0][[2 1]][[1.948089   0.87761736]]
[3 1][0 1][[3 2]][[2.7513716 2.0038183]]
[3 1][1 0][[4 1]][[3.6929526 1.0395635]]
[3 2][ 0 -1][[3 1]][[2.7543995 1.0903922]]
[3 2][-1  0][[2 2]][[1.8954293 1.8755324]]
[3 2][0 1][[3 3]][[2.7457607 2.8479197]]
[3 2][1 0][[3 2]][[3.640293 2.037479]]
[3 3][ 0 -1][[3 2]][[2.7017395 2.0883074]]
[3 3][-1  0][[2 3]][[1.8427694 2.8734477]]
[3 3][0 1][[3 3]][[2.7322712 3.717776 ]]
[3 3][1 0][[3 3]][[3.5876327 3.035394 ]]
[3 5][ 0 -1][[3 5]][[2.5964198 4.0841374]]
[3 5][-1  0][[2 5]][[1.7374498 4.869277 ]]
[3 5][0 1][[3 6]][[2.626952 5.713606]]
[3 5][1 0][[3 5]][[3.4823134 5.0312243]]
[3 6][ 0 -1][[3 5]][[2.54376   5.0820527]]
[3 6][-1  0][[2 6]][[1.6847899 5.867193 ]]
[3 6][0 1][[3 7]][[2.574291 6.711522]]
[3 6][1 0][[4 6]][[3.429654  6.0291395]]
[3 7][ 0 -1][[3 6]][[2.4911005 6.079968 ]]
[3 7][-1  0][[2 7]][[1.63213  6.865108]]
[3 7][0 1][[3 8]][[2.521632  7.7094364]]
[3 7][1 0][[3 7]][[3.3769934 7.027055 ]]
[3 8][ 0 -1][[3 7]][[2.4384408 7.0778837]]
[3 8][-1  0][[2 8]][[1.5794704 7.8630238]]
[3 8][0 1][[3 8]][[2.4689722 8.707352 ]]
[3 8][1 0][[3 8]][[3.324334 8.02497 ]]
[4 1][ 0 -1][[4 1]][[3.8292432  0.05214798]]
[4 1][-1  0][[3 1]][[3.1400251  0.85471964]]
[4 1][0 1][[4 1]][[3.7736614 1.9631428]]
[4 1][1 0][[5 1]][[4.7151365  0.99923444]]
[4 6][ 0 -1][[4 6]][[3.565944  5.0417233]]
[4 6][-1  0][[3 6]][[3.0448096 5.8615556]]
[4 6][0 1][[4 6]][[3.5964756 6.6711917]]
[4 6][1 0][[5 6]][[4.4518375 5.9888105]]
[5 0][ 0 -1][[5 0]][[4.872095  0.0137113]]
[5 0][-1  0][[5 0]][[4.5068517  0.02038926]]
[5 0][0 1][[5 1]][[4.8015623 1.0783659]]
[5 0][1 0][[6 0]][[ 5.7891192e+00 -3.0551851e-03]]
[5 1][ 0 -1][[5 0]][[4.8515306 0.0140873]]
[5 1][-1  0][[4 1]][[4.50207   0.8616152]]
[5 1][0 1][[5 2]][[4.7959514 1.9224676]]
[5 1][1 0][[6 1]][[5.737321   0.95890546]]
[5 2][ 0 -1][[5 1]][[4.7987666 1.0097342]]
[5 2][-1  0][[5 2]][[4.501245  1.8620603]]
[5 2][0 1][[5 3]][[4.7903395 2.7665699]]
[5 2][1 0][[6 2]][[5.6846604 1.9568207]]
[5 3][ 0 -1][[5 2]][[4.746107  2.0076494]]
[5 3][-1  0][[5 3]][[4.50042   2.8625052]]
[5 3][0 1][[5 3]][[4.7766385 3.637118 ]]
[5 3][1 0][[6 3]][[5.632     2.9547358]]
[5 5][ 0 -1][[5 5]][[4.6407876 4.0034795]]
[5 5][-1  0][[5 5]][[4.49877   4.8633947]]
[5 5][0 1][[5 6]][[4.6713185 5.632948 ]]
[5 5][1 0][[6 5]][[5.5266805 4.9505663]]
[5 6][ 0 -1][[5 5]][[4.5881276 5.0013947]]
[5 6][-1  0][[4 6]][[4.4872465 5.8643813]]
[5 6][0 1][[5 7]][[4.6186595 6.630863 ]]
[5 6][1 0][[6 6]][[5.474021  5.9484816]]
[5 7][ 0 -1][[5 6]][[4.5354676 5.99931  ]]
[5 7][-1  0][[5 7]][[4.468203 6.865749]]
[5 7][0 1][[5 8]][[4.565999  7.6287794]]
[5 7][1 0][[6 7]][[5.421361  6.9463964]]
[5 8][ 0 -1][[5 7]][[4.482808 6.997225]]
[5 8][-1  0][[5 8]][[4.44916  7.867116]]
[5 8][0 1][[5 8]][[4.5133395 8.626693 ]]
[5 8][1 0][[6 8]][[5.3687015 7.9443116]]
[6 0][ 0 -1][[6 0]][[ 5.8961830e+00 -5.0126985e-03]]
[6 0][-1  0][[5 0]][[4.9247847  0.01274794]]
[6 0][0 1][[6 1]][[5.823852  1.0376909]]
[6 0][1 0][[7 0]][[ 6.813208   -0.02177919]]
[6 1][ 0 -1][[6 0]][[ 5.8747025e+00 -4.6199486e-03]]
[6 1][-1  0][[5 1]][[4.921928   0.91620517]]
[6 1][0 1][[6 2]][[5.8182406 1.8817928]]
[6 1][1 0][[7 1]][[6.7595043 0.9185765]]
[6 2][ 0 -1][[6 1]][[5.820951  0.9694052]]
[6 2][-1  0][[5 2]][[4.921104  1.9166502]]
[6 2][0 1][[6 3]][[5.8126297 2.7258947]]
[6 2][1 0][[7 2]][[6.706844  1.9164919]]
[6 3][ 0 -1][[6 2]][[5.7682915 1.9673203]]
[6 3][-1  0][[5 3]][[4.920279  2.9170954]]
[6 3][0 1][[6 4]][[5.798822  3.5967891]]
[6 3][1 0][[7 3]][[6.654185  2.9144065]]
[6 4][ 0 -1][[6 3]][[5.715631  2.9652357]]
[6 4][-1  0][[6 4]][[4.9194536 3.9175403]]
[6 4][0 1][[6 5]][[5.7461634 4.5947046]]
[6 4][1 0][[6 4]][[6.6015244 3.912322 ]]
[6 5][ 0 -1][[6 4]][[5.662971 3.963151]]
[6 5][-1  0][[5 5]][[4.918629 4.917985]]
[6 5][0 1][[6 6]][[5.693503 5.592619]]
[6 5][1 0][[7 5]][[6.5488644 4.9102373]]
[6 6][ 0 -1][[6 5]][[5.6103115 4.961066 ]]
[6 6][-1  0][[5 6]][[4.917804 5.91843 ]]
[6 6][0 1][[6 7]][[5.640843 6.590534]]
[6 6][1 0][[7 6]][[6.496205 5.908152]]
[6 7][ 0 -1][[6 6]][[5.5576515 5.9589806]]
[6 7][-1  0][[5 7]][[4.916979  6.9188747]]
[6 7][0 1][[6 8]][[5.5881834 7.5884495]]
[6 7][1 0][[7 7]][[6.443545  6.9060674]]
[6 8][ 0 -1][[6 7]][[5.5049915 6.9568963]]
[6 8][-1  0][[5 8]][[4.9161544 7.9193206]]
[6 8][0 1][[6 8]][[5.535524 8.586365]]
[6 8][1 0][[7 8]][[6.390885 7.903983]]
[7 0][ 0 -1][[7 0]][[ 6.920271   -0.02373669]]
[7 0][-1  0][[6 0]][[ 5.8772206e+00 -4.6659932e-03]]
[7 0][0 1][[7 1]][[6.8461423  0.99701595]]
[7 0][1 0][[8 0]][[ 7.837295   -0.04050317]]
[7 1][ 0 -1][[7 0]][[ 6.8978734  -0.02332717]]
[7 1][-1  0][[6 1]][[5.856179 0.918862]]
[7 1][0 1][[7 2]][[6.84053   1.8411177]]
[7 1][1 0][[8 1]][[7.7816877 0.8782474]]
[7 2][ 0 -1][[7 1]][[6.843135  0.9290762]]
[7 2][-1  0][[6 2]][[5.8372545 1.9211342]]
[7 2][0 1][[7 3]][[6.83492   2.6852193]]
[7 2][1 0][[8 2]][[7.729028  1.8761625]]
[7 3][ 0 -1][[7 2]][[6.790475  1.9269911]]
[7 3][-1  0][[6 3]][[5.818329 2.923407]]
[7 3][0 1][[7 3]][[6.821007  3.5564601]]
[7 3][1 0][[8 3]][[7.676368  2.8740776]]
[7 5][ 0 -1][[7 5]][[6.685156  3.9228218]]
[7 5][-1  0][[6 5]][[5.780478 4.927951]]
[7 5][0 1][[7 6]][[6.7156873 5.5522904]]
[7 5][1 0][[8 5]][[7.5710487 4.869908 ]]
[7 6][ 0 -1][[7 5]][[6.6324954 4.920737 ]]
[7 6][-1  0][[6 6]][[5.7615533 5.930224 ]]
[7 6][0 1][[7 7]][[6.6630273 6.550205 ]]
[7 6][1 0][[8 6]][[7.5183887 5.8678236]]
[7 7][ 0 -1][[7 6]][[6.579835 5.918652]]
[7 7][-1  0][[6 7]][[5.7426276 6.9324965]]
[7 7][0 1][[7 8]][[6.610367 7.548121]]
[7 7][1 0][[8 7]][[7.4657283 6.865739 ]]
[7 8][ 0 -1][[7 7]][[6.527176 6.916567]]
[7 8][-1  0][[6 8]][[5.7237024 7.9347687]]
[7 8][0 1][[7 8]][[6.557708 8.546036]]
[7 8][1 0][[8 8]][[7.4130692 7.863654 ]]
[8 0][ 0 -1][[8 0]][[ 7.869387   -0.04108992]]
[8 0][-1  0][[7 0]][[ 6.874619 -0.022902]]
[8 0][0 1][[8 1]][[7.776596  0.9609897]]
[8 0][1 0][[8 0]][[ 7.8752465  -0.04119706]]
[8 1][ 0 -1][[8 0]][[ 7.864318   -0.04099725]]
[8 1][-1  0][[7 1]][[6.8533244 0.915169 ]]
[8 1][0 1][[8 2]][[7.789202  1.8041693]]
[8 1][1 0][[8 1]][[7.837655  0.8868294]]
[8 2][ 0 -1][[8 1]][[7.826894   0.89069223]]
[8 2][-1  0][[7 2]][[6.8343997 1.9174416]]
[8 2][0 1][[8 3]][[7.801809  2.6473486]]
[8 2][1 0][[8 2]][[7.8032136 1.8838223]]
[8 3][ 0 -1][[8 2]][[7.792453  1.8876851]]
[8 3][-1  0][[7 3]][[6.815474  2.9197137]]
[8 3][0 1][[8 3]][[7.806009 3.518013]]
[8 3][1 0][[8 3]][[7.768772  2.8808153]]
[8 5][ 0 -1][[8 5]][[7.7073393 3.8824928]]
[8 5][-1  0][[7 5]][[6.7776237 4.9242587]]
[8 5][0 1][[8 6]][[7.7371254 5.5119987]]
[8 5][1 0][[8 5]][[7.6998887 4.8748016]]
[8 6][ 0 -1][[8 5]][[7.654679 4.880408]]
[8 6][-1  0][[7 6]][[6.7586985 5.9265313]]
[8 6][0 1][[8 7]][[7.6852107 6.509876 ]]
[8 6][1 0][[8 6]][[7.665447 5.871794]]
[8 7][ 0 -1][[8 6]][[7.6020184 5.878323 ]]
[8 7][-1  0][[7 7]][[6.7397733 6.928803 ]]
[8 7][0 1][[8 8]][[7.6325502 7.507792 ]]
[8 7][1 0][[8 7]][[7.6310053 6.8687873]]
[8 8][ 0 -1][[8 7]][[7.5493593 6.876238 ]]
[8 8][-1  0][[7 8]][[6.7208486 7.931076 ]]
[8 8][0 1][[8 8]][[7.5798917 8.505707 ]]
[8 8][1 0][[8 8]][[7.5965643 7.8657804]]
