[0 0][ 0 -1][[0 0]][[0.12705642 0.06833448]]
[0 0][-1  0][[0 0]][[0.12705642 0.06833448]]
[0 0][0 1][[0 1]][[-2.6237965e-04  1.0676616e+00]]
[0 0][1 0][[1 0]][[0.20913471 0.06784579]]
[0 1][ 0 -1][[0 0]][[0.12705642 0.06833448]]
[0 1][-1  0][[0 1]][[0.01070493 0.981579  ]]
[0 1][0 1][[0 2]][[-0.05060661  1.977569  ]]
[0 1][1 0][[1 1]][[1.0403838  0.96208763]]
[0 2][ 0 -1][[0 1]][[0.20642328 0.9566429 ]]
[0 2][-1  0][[0 2]][[-0.11669128  1.9815136 ]]
[0 2][0 1][[0 3]][[0.22017461 2.9742913 ]]
[0 2][1 0][[1 2]][[0.99927026 1.9615088 ]]
[0 3][ 0 -1][[0 2]][[0.9399659 1.9424644]]
[0 3][-1  0][[0 3]][[0.4624719 2.9698143]]
[0 3][0 1][[0 3]][[0.8807302 3.9661314]]
[0 3][1 0][[1 3]][[0.9581564 2.9609294]]
[0 5][ 0 -1][[0 5]][[2.5677001 3.913151 ]]
[0 5][-1  0][[0 5]][[1.9176409 4.941528 ]]
[0 5][0 1][[0 6]][[1.5345795 5.946337 ]]
[0 5][1 0][[1 5]][[0.93909043 4.958731  ]]
[0 6][ 0 -1][[0 5]][[3.381567  4.8984933]]
[0 6][-1  0][[0 6]][[2.645226 5.927385]]
[0 6][0 1][[0 7]][[2.0004416 6.935613 ]]
[0 6][1 0][[1 6]][[1.752958  5.9440746]]
[0 7][ 0 -1][[0 6]][[3.959984  5.8831115]]
[0 7][-1  0][[0 7]][[3.3728106 6.9132414]]
[0 7][0 1][[0 8]][[2.466303  7.9248877]]
[0 7][1 0][[1 7]][[2.5668256 6.9294176]]
[0 8][ 0 -1][[0 7]][[4.4120083 6.866436 ]]
[0 8][-1  0][[0 8]][[4.100396 7.8991  ]]
[0 8][0 1][[0 8]][[2.9132855 8.964356 ]]
[0 8][1 0][[1 8]][[3.3806922 7.914761 ]]
[1 0][ 0 -1][[1 0]][[0.88949907 0.06379502]]
[1 0][-1  0][[0 0]][[0.12705642 0.06833448]]
[1 0][0 1][[1 1]][[0.98691106 1.0592785 ]]
[1 0][1 0][[2 0]][[2.0743756  0.05674044]]
[1 1][ 0 -1][[1 0]][[0.96405023 0.06335115]]
[1 1][-1  0][[0 1]][[0.01090496 0.99318975]]
[1 1][0 1][[1 2]][[0.95151395 1.9832145 ]]
[1 1][1 0][[2 1]][[2.0425043  0.96773297]]
[1 2][ 0 -1][[1 1]][[1.3181405 0.9596394]]
[1 2][-1  0][[0 2]][[0.01129045 1.9919271 ]]
[1 2][0 1][[1 3]][[1.4631851 2.9735336]]
[1 2][1 0][[2 2]][[2.0013905 1.967154 ]]
[1 3][ 0 -1][[1 2]][[2.1320074 1.9449824]]
[1 3][-1  0][[0 3]][[0.8251578 2.9772706]]
[1 3][0 1][[1 4]][[2.2770517 3.958877 ]]
[1 3][1 0][[2 3]][[1.9602768 2.966575 ]]
[1 4][ 0 -1][[1 3]][[2.945875  2.9303257]]
[1 4][-1  0][[1 4]][[1.6390252 3.9626136]]
[1 4][0 1][[1 5]][[3.0909193 4.9442205]]
[1 4][1 0][[1 4]][[1.919163 3.965996]]
[1 5][ 0 -1][[1 4]][[3.7597413 3.9156687]]
[1 5][-1  0][[0 5]][[2.452892  4.9479566]]
[1 5][0 1][[1 6]][[3.9047863 5.929563 ]]
[1 5][1 0][[2 5]][[2.1311321 4.9612494]]
[1 6][ 0 -1][[1 5]][[4.5736094 4.901012 ]]
[1 6][-1  0][[0 6]][[3.2667599 5.9333005]]
[1 6][0 1][[1 7]][[4.718654  6.9149065]]
[1 6][1 0][[2 6]][[2.9449997 5.9465933]]
[1 7][ 0 -1][[1 6]][[5.3874764 5.8863554]]
[1 7][-1  0][[0 7]][[4.0806274 6.918643 ]]
[1 7][0 1][[1 8]][[5.5325212 7.9002495]]
[1 7][1 0][[2 7]][[3.758868  6.9319363]]
[1 8][ 0 -1][[1 7]][[6.2013435 6.8716984]]
[1 8][-1  0][[0 8]][[4.894495  7.9039874]]
[1 8][0 1][[1 8]][[6.346389 8.885593]]
[1 8][1 0][[2 8]][[4.5727344 7.91728  ]]
[2 0][ 0 -1][[2 0]][[1.8923697  0.05782408]]
[2 0][-1  0][[1 0]][[1.046761  0.0628587]]
[2 0][0 1][[2 1]][[1.9901011 1.0508003]]
[2 0][1 0][[3 0]][[3.0772457  0.05076951]]
[2 1][ 0 -1][[2 0]][[1.9676516  0.05737586]]
[2 1][-1  0][[1 1]][[1.0130255 0.9988353]]
[2 1][0 1][[2 2]][[1.9536347 1.9888598]]
[2 1][1 0][[3 1]][[3.0446248  0.97337854]]
[2 2][ 0 -1][[2 1]][[2.510182  0.9621577]]
[2 2][-1  0][[1 2]][[1.2033322 1.9944454]]
[2 2][0 1][[2 3]][[2.655227  2.9760518]]
[2 2][1 0][[3 2]][[3.003511  1.9727992]]
[2 3][ 0 -1][[2 2]][[3.3240497 1.947501 ]]
[2 3][-1  0][[1 3]][[2.0171998 2.979789 ]]
[2 3][0 1][[2 3]][[3.4690943 3.9613953]]
[2 3][1 0][[3 3]][[2.9623973 2.9722204]]
[2 5][ 0 -1][[2 5]][[4.951784  3.9181874]]
[2 5][-1  0][[1 5]][[3.6449337 4.9504757]]
[2 5][0 1][[2 6]][[5.0968285 5.9320817]]
[2 5][1 0][[3 5]][[3.3231742 4.963768 ]]
[2 6][ 0 -1][[2 5]][[5.7656503 4.9035306]]
[2 6][-1  0][[1 6]][[4.458801 5.935819]]
[2 6][0 1][[2 7]][[5.9106956 6.9174247]]
[2 6][1 0][[3 6]][[4.1370416 5.949111 ]]
[2 7][ 0 -1][[2 6]][[6.5795183 5.8888745]]
[2 7][-1  0][[1 7]][[5.2726693 6.9211617]]
[2 7][0 1][[2 8]][[6.724563  7.9027686]]
[2 7][1 0][[3 7]][[4.9509096 6.934454 ]]
[2 8][ 0 -1][[2 7]][[7.3933864 6.8742175]]
[2 8][-1  0][[1 8]][[6.0865364 7.9065056]]
[2 8][0 1][[2 8]][[7.538431 8.888113]]
[2 8][1 0][[3 8]][[5.7647758 7.9197984]]
[3 0][ 0 -1][[3 0]][[2.963441   0.05144709]]
[3 0][-1  0][[2 0]][[2.0496564  0.05688762]]
[3 0][0 1][[3 1]][[3.0690916 1.0411434]]
[3 0][1 0][[3 0]][[4.0801163  0.04479858]]
[3 1][ 0 -1][[3 0]][[2.9712522  0.05140058]]
[3 1][-1  0][[2 1]][[2.015146  1.0044806]]
[3 1][0 1][[3 2]][[3.033402  1.9932268]]
[3 1][1 0][[4 1]][[4.046746 0.979024]]
[3 2][ 0 -1][[3 1]][[3.7022238  0.96467626]]
[3 2][-1  0][[2 2]][[2.3953745 1.996964 ]]
[3 2][0 1][[3 3]][[3.847269  2.9785702]]
[3 2][1 0][[3 2]][[4.005632  1.9784449]]
[3 3][ 0 -1][[3 2]][[4.516092  1.9500194]]
[3 3][-1  0][[2 3]][[3.2092416 2.9823072]]
[3 3][0 1][[3 3]][[4.661136  3.9639137]]
[3 3][1 0][[3 3]][[3.9645178 2.9778657]]
[3 5][ 0 -1][[3 5]][[6.1438255 3.9207058]]
[3 5][-1  0][[2 5]][[4.8369765 4.9529934]]
[3 5][0 1][[3 6]][[6.288871  5.9345994]]
[3 5][1 0][[3 5]][[4.5152173 4.9662857]]
[3 6][ 0 -1][[3 5]][[6.957693 4.906049]]
[3 6][-1  0][[2 6]][[5.6508436 5.938337 ]]
[3 6][0 1][[3 7]][[7.102738  6.9199433]]
[3 6][1 0][[4 6]][[5.329084  5.9516296]]
[3 7][ 0 -1][[3 6]][[7.77156  5.891392]]
[3 7][-1  0][[2 7]][[6.4647107 6.92368  ]]
[3 7][0 1][[3 8]][[7.9166055 7.905287 ]]
[3 7][1 0][[3 7]][[6.1429505 6.936972 ]]
[3 8][ 0 -1][[3 7]][[8.585427  6.8767343]]
[3 8][-1  0][[2 8]][[7.2785773 7.9090233]]
[3 8][0 1][[3 8]][[8.730472 8.89063 ]]
[3 8][1 0][[3 8]][[6.9568176 7.9223156]]
[4 1][ 0 -1][[4 1]][[4.2610846  0.86200404]]
[4 1][-1  0][[3 1]][[3.017266  1.0101261]]
[4 1][0 1][[4 1]][[4.170302  1.9941626]]
[4 1][1 0][[5 1]][[5.048866   0.98466945]]
[4 6][ 0 -1][[4 6]][[7.642021 4.913471]]
[4 6][-1  0][[3 6]][[6.8428855 5.940855 ]]
[4 6][0 1][[4 6]][[7.6940556 6.9282637]]
[4 6][1 0][[5 6]][[6.5211253 5.954148 ]]
[5 0][ 0 -1][[5 0]][[5.151819   0.03794945]]
[5 0][-1  0][[5 0]][[4.742176   0.04085678]]
[5 0][0 1][[5 1]][[5.2113533 1.0127366]]
[5 0][1 0][[6 0]][[6.0867543  0.03285137]]
[5 1][ 0 -1][[5 0]][[5.1202116  0.03338284]]
[5 1][-1  0][[4 1]][[4.189806  1.0130415]]
[5 1][0 1][[5 2]][[5.1904736 1.9920971]]
[5 1][1 0][[6 1]][[6.050986   0.99031484]]
[5 2][ 0 -1][[5 1]][[5.121139 0.975566]]
[5 2][-1  0][[5 2]][[4.728497  2.0024927]]
[5 2][0 1][[5 3]][[5.1842794 2.9901826]]
[5 2][1 0][[6 2]][[6.009873  1.9897356]]
[5 3][ 0 -1][[5 2]][[5.3335443 1.9701874]]
[5 3][-1  0][[5 3]][[5.5016294 2.9882295]]
[5 3][0 1][[5 3]][[5.3855786 3.98498  ]]
[5 3][1 0][[6 3]][[5.968759  2.9891567]]
[5 5][ 0 -1][[5 5]][[6.87981  3.941661]]
[5 5][-1  0][[5 5]][[7.0478964 4.959703 ]]
[5 5][0 1][[5 6]][[6.9318457 5.956454 ]]
[5 5][1 0][[6 5]][[6.8992996 4.971323 ]]
[5 6][ 0 -1][[5 5]][[7.652943  4.9273973]]
[5 6][-1  0][[4 6]][[7.821031  5.9454393]]
[5 6][0 1][[5 7]][[7.7049775 6.94219  ]]
[5 6][1 0][[6 6]][[7.713168 5.956666]]
[5 7][ 0 -1][[5 6]][[8.426077  5.9131346]]
[5 7][-1  0][[5 7]][[8.594163 6.931176]]
[5 7][0 1][[5 8]][[8.478111 7.927927]]
[5 7][1 0][[6 7]][[8.527034  6.9420094]]
[5 8][ 0 -1][[5 7]][[9.19921  6.898871]]
[5 8][-1  0][[5 8]][[9.367296 7.916913]]
[5 8][0 1][[5 8]][[9.251245 8.913664]]
[5 8][1 0][[6 8]][[9.3409   7.927353]]
[6 0][ 0 -1][[6 0]][[6.1602316  0.02851714]]
[6 0][-1  0][[5 0]][[5.45107    0.03663614]]
[6 0][0 1][[6 1]][[6.220602  0.9967449]]
[6 0][1 0][[7 0]][[7.0903554  0.02687609]]
[6 1][ 0 -1][[6 0]][[6.141346   0.02374874]]
[6 1][-1  0][[5 1]][[5.2099767 1.0109761]]
[6 1][0 1][[6 2]][[6.2106442 1.9900318]]
[6 1][1 0][[7 1]][[7.0531063 0.9959604]]
[6 2][ 0 -1][[6 1]][[6.14131   0.9735008]]
[6 2][-1  0][[5 2]][[5.203783  2.0090613]]
[6 2][0 1][[6 3]][[6.204449  2.9881172]]
[6 2][1 0][[7 2]][[7.0119934 1.9953809]]
[6 3][ 0 -1][[6 2]][[6.1351166 1.9715856]]
[6 3][-1  0][[5 3]][[5.5125527 3.0021555]]
[6 3][0 1][[6 4]][[6.1982555 3.9862027]]
[6 3][1 0][[7 3]][[6.9708796 2.994802 ]]
[6 4][ 0 -1][[6 3]][[6.1289215 2.969671 ]]
[6 4][-1  0][[6 4]][[6.2856855 3.9878926]]
[6 4][0 1][[6 5]][[6.1920614 4.984288 ]]
[6 4][1 0][[6 4]][[7.277475  3.9884977]]
[6 5][ 0 -1][[6 4]][[6.890733  3.9555871]]
[6 5][-1  0][[5 5]][[7.058819 4.973629]]
[6 5][0 1][[6 6]][[6.9427676 5.9703794]]
[6 5][1 0][[7 5]][[8.091341  4.9738407]]
[6 6][ 0 -1][[6 5]][[7.663866  4.9413238]]
[6 6][-1  0][[5 6]][[7.831953 5.959366]]
[6 6][0 1][[6 7]][[7.715902  6.9561167]]
[6 6][1 0][[7 6]][[8.90521   5.9591846]]
[6 7][ 0 -1][[6 6]][[8.436998  5.9270606]]
[6 7][-1  0][[5 7]][[8.605085  6.9451027]]
[6 7][0 1][[6 8]][[8.489034  7.9418526]]
[6 7][1 0][[7 7]][[9.719076  6.9445276]]
[6 8][ 0 -1][[6 7]][[9.210133  6.9127975]]
[6 8][-1  0][[5 8]][[9.378219  7.9308395]]
[6 8][0 1][[6 8]][[9.262167 8.92759 ]]
[6 8][1 0][[7 8]][[10.532944  7.929872]]
[7 0][ 0 -1][[7 0]][[7.1686444  0.01908484]]
[7 0][-1  0][[6 0]][[6.233781   0.03092778]]
[7 0][0 1][[7 1]][[7.2370095  0.98988163]]
[7 0][1 0][[8 0]][[8.05209    0.02115007]]
[7 1][ 0 -1][[7 0]][[7.1624813  0.01411463]]
[7 1][-1  0][[6 1]][[6.230148  1.0089109]]
[7 1][0 1][[7 2]][[7.2308154 1.9879667]]
[7 1][1 0][[8 1]][[7.9787493 1.0022521]]
[7 2][ 0 -1][[7 1]][[7.161481   0.97143555]]
[7 2][-1  0][[6 2]][[6.223954  2.0069962]]
[7 2][0 1][[7 3]][[7.224621 2.986052]]
[7 2][1 0][[8 2]][[7.9030375 2.0019655]]
[7 3][ 0 -1][[7 2]][[7.1552863 1.9695207]]
[7 3][-1  0][[6 3]][[6.2177596 3.0050812]]
[7 3][0 1][[7 3]][[7.218427  3.9841375]]
[7 3][1 0][[8 3]][[7.8273263 3.0016787]]
[7 5][ 0 -1][[7 5]][[7.142898  3.9656906]]
[7 5][-1  0][[6 5]][[7.0697417 4.987555 ]]
[7 5][0 1][[7 6]][[7.2060375 5.9803076]]
[7 5][1 0][[8 5]][[9.030406  4.9788027]]
[7 6][ 0 -1][[7 5]][[7.674789 4.95525 ]]
[7 6][-1  0][[6 6]][[7.842875 5.973292]]
[7 6][0 1][[7 7]][[7.726824  6.9700427]]
[7 6][1 0][[8 6]][[9.803537  5.9645395]]
[7 7][ 0 -1][[7 6]][[8.447923  5.9409866]]
[7 7][-1  0][[6 7]][[8.616009  6.9590287]]
[7 7][0 1][[7 8]][[8.499956 7.955779]]
[7 7][1 0][[8 7]][[10.576672   6.9502764]]
[7 8][ 0 -1][[7 7]][[9.221056  6.9267244]]
[7 8][-1  0][[6 8]][[9.389141  7.9447665]]
[7 8][0 1][[7 8]][[9.27309  8.941516]]
[7 8][1 0][[8 8]][[11.349805  7.936014]]
[8 0][ 0 -1][[8 0]][[8.177057   0.00965253]]
[8 0][-1  0][[7 0]][[7.2549157  0.02129367]]
[8 0][0 1][[8 1]][[8.257179   0.98781645]]
[8 0][1 0][[8 0]][[8.052819   0.02114573]]
[8 1][ 0 -1][[8 0]][[8.183617e+00 4.480511e-03]]
[8 1][-1  0][[7 1]][[7.250319  1.0068456]]
[8 1][0 1][[8 2]][[8.250985  1.9859015]]
[8 1][1 0][[8 1]][[7.9776797 1.016376 ]]
[8 2][ 0 -1][[8 1]][[8.181651  0.9693703]]
[8 2][-1  0][[7 2]][[7.244125  2.0049307]]
[8 2][0 1][[8 3]][[8.244792  2.9839869]]
[8 2][1 0][[8 2]][[7.901968  2.0160892]]
[8 3][ 0 -1][[8 2]][[8.175458  1.9674555]]
[8 3][-1  0][[7 3]][[7.237931  3.0030162]]
[8 3][0 1][[8 3]][[8.238597  3.9820724]]
[8 3][1 0][[8 3]][[7.8262568 3.0158026]]
[8 5][ 0 -1][[8 5]][[8.163069  3.9636254]]
[8 5][-1  0][[7 5]][[7.225542 4.999186]]
[8 5][0 1][[8 6]][[8.226209  5.9782424]]
[8 5][1 0][[8 5]][[9.041328 4.992729]]
[8 6][ 0 -1][[8 5]][[8.156875 4.961711]]
[8 6][-1  0][[7 6]][[7.853799 5.987219]]
[8 6][0 1][[8 7]][[8.220015 6.976328]]
[8 6][1 0][[8 6]][[9.814461  5.9784656]]
[8 7][ 0 -1][[8 6]][[8.458845 5.954913]]
[8 7][-1  0][[7 7]][[8.62693   6.9729548]]
[8 7][0 1][[8 8]][[8.5108795 7.9697056]]
[8 7][1 0][[8 7]][[10.587593   6.9642024]]
[8 8][ 0 -1][[8 7]][[9.231977 6.94065 ]]
[8 8][-1  0][[7 8]][[9.400064 7.958692]]
[8 8][0 1][[8 8]][[9.284013 8.955442]]
[8 8][1 0][[8 8]][[11.360728   7.9499397]]
