[0 0][ 0 -1][[0 0]][[0.23233132 0.3562105 ]]
[0 0][-1  0][[0 0]][[0.23233132 0.3562105 ]]
[0 0][0 1][[0 1]][[0.84048647 0.3251333 ]]
[0 0][1 0][[1 0]][[0.23233132 0.3562105 ]]
[0 1][ 0 -1][[0 0]][[0.5169844 0.3416645]]
[0 1][-1  0][[0 1]][[0.01618911 0.9580295 ]]
[0 1][0 1][[0 2]][[0.9559783 1.7689342]]
[0 1][1 0][[1 1]][[1.3947251 0.9387194]]
[0 2][ 0 -1][[0 1]][[0.46683526 1.062389  ]]
[0 2][-1  0][[0 2]][[0.3983267 1.8720348]]
[0 2][0 1][[0 3]][[0.9373598 2.608092 ]]
[0 2][1 0][[1 2]][[1.3662009 1.9422064]]
[0 3][ 0 -1][[0 2]][[0.4383114 2.0658758]]
[0 3][-1  0][[0 3]][[0.5074466 2.868488 ]]
[0 3][0 1][[0 3]][[0.9187415 3.4472494]]
[0 3][1 0][[1 3]][[1.3376768 2.9456933]]
[0 5][ 0 -1][[0 5]][[0.6378981 4.059736 ]]
[0 5][-1  0][[0 5]][[0.72568643 4.8613954 ]]
[0 5][0 1][[0 6]][[0.8664662 5.3750377]]
[0 5][1 0][[1 5]][[1.2806289 4.952668 ]]
[0 6][ 0 -1][[0 5]][[0.74701804 5.0561895 ]]
[0 6][-1  0][[0 6]][[0.8348064 5.8578486]]
[0 6][0 1][[0 7]][[0.8915249 6.375787 ]]
[0 6][1 0][[1 6]][[1.2521048 5.9561553]]
[0 7][ 0 -1][[0 6]][[0.85613793 6.052643  ]]
[0 7][-1  0][[0 7]][[0.94392633 6.854302  ]]
[0 7][0 1][[0 8]][[1.0006448 7.3722405]]
[0 7][1 0][[1 7]][[1.2235807 6.9596424]]
[0 8][ 0 -1][[0 7]][[0.96701163 7.0651107 ]]
[0 8][-1  0][[0 8]][[1.0530462 7.8507557]]
[0 8][0 1][[0 8]][[1.1097647 8.368693 ]]
[0 8][1 0][[1 8]][[1.1950567 7.9631295]]
[1 0][ 0 -1][[1 0]][[0.9047399  0.32184988]]
[1 0][-1  0][[0 0]][[0.45540822 0.34481108]]
[1 0][0 1][[1 1]][[1.3574821 0.7251346]]
[1 0][1 0][[2 0]][[2.068096   0.26240146]]
[1 1][ 0 -1][[1 0]][[0.8943291  0.32238188]]
[1 1][-1  0][[0 1]][[-0.1459706   0.98778844]]
[1 1][0 1][[1 2]][[1.3367593 1.7810347]]
[1 1][1 0][[2 1]][[1.7750087 0.9590738]]
[1 2][ 0 -1][[1 1]][[0.84711915 1.0827434 ]]
[1 2][-1  0][[0 2]][[0.40282062 1.9130722 ]]
[1 2][0 1][[1 3]][[1.3181407 2.6201925]]
[1 2][1 0][[2 2]][[1.7464844 1.9625609]]
[1 3][ 0 -1][[1 2]][[0.8185949 2.0862303]]
[1 3][-1  0][[0 3]][[0.5119376 2.909499 ]]
[1 3][0 1][[1 4]][[1.2995223 3.4593496]]
[1 3][1 0][[2 3]][[1.7179604 2.9660482]]
[1 4][ 0 -1][[1 3]][[0.7900709 3.0897174]]
[1 4][-1  0][[1 4]][[0.62105465 3.905926  ]]
[1 4][0 1][[1 5]][[1.2752738 4.391906 ]]
[1 4][1 0][[1 4]][[1.6894364 3.969535 ]]
[1 5][ 0 -1][[1 4]][[0.7615469 4.093205 ]]
[1 5][-1  0][[0 5]][[0.7301718 4.9023542]]
[1 5][0 1][[1 6]][[1.2467496 5.395392 ]]
[1 5][1 0][[2 5]][[1.6609123 4.973023 ]]
[1 6][ 0 -1][[1 5]][[0.7513508 5.0957556]]
[1 6][-1  0][[0 6]][[0.83928883 5.8987813 ]]
[1 6][0 1][[1 7]][[1.2182257 6.3988795]]
[1 6][1 0][[2 6]][[1.6323884 5.9765105]]
[1 7][ 0 -1][[1 6]][[0.8604708 6.092209 ]]
[1 7][-1  0][[0 7]][[0.94840586 6.895208  ]]
[1 7][0 1][[1 8]][[1.1897017 7.402367 ]]
[1 7][1 0][[2 7]][[1.603864  6.9799967]]
[1 8][ 0 -1][[1 7]][[0.9695907 7.088662 ]]
[1 8][-1  0][[0 8]][[1.0575229 7.891635 ]]
[1 8][0 1][[1 8]][[1.1611774 8.405853 ]]
[1 8][1 0][[2 8]][[1.57534   7.9834843]]
[2 0][ 0 -1][[2 0]][[1.7341739  0.27946514]]
[2 0][-1  0][[1 0]][[1.5108593 0.2908767]]
[2 0][0 1][[2 1]][[1.734665  1.0410714]]
[2 0][1 0][[3 0]][[2.786887   0.22567065]]
[2 1][ 0 -1][[2 0]][[1.7218277  0.28009602]]
[2 1][-1  0][[1 1]][[0.87850744 0.98144996]]
[2 1][0 1][[2 2]][[1.7175401 1.7931353]]
[2 1][1 0][[3 1]][[2.592371  0.9673307]]
[2 2][ 0 -1][[2 1]][[1.6775789 1.0906377]]
[2 2][-1  0][[1 2]][[1.4522266 1.9151385]]
[2 2][0 1][[2 3]][[1.6989219 2.6322932]]
[2 2][1 0][[3 2]][[2.562718  1.9708489]]
[2 3][ 0 -1][[2 2]][[1.6479259 2.094156 ]]
[2 3][-1  0][[1 3]][[1.4225733 2.9186566]]
[2 3][0 1][[2 3]][[1.6803035 3.4714503]]
[2 3][1 0][[3 3]][[2.5330648 2.9743674]]
[2 5][ 0 -1][[2 5]][[1.588619  4.1011925]]
[2 5][-1  0][[1 5]][[1.3632667 4.925695 ]]
[2 5][0 1][[2 6]][[1.6270332 5.4157467]]
[2 5][1 0][[3 5]][[2.473758 4.981405]]
[2 6][ 0 -1][[2 5]][[1.5589657 5.1047106]]
[2 6][-1  0][[1 6]][[1.3336134 5.929212 ]]
[2 6][0 1][[2 7]][[1.5985093 6.4192343]]
[2 6][1 0][[3 6]][[2.4441047 5.9849224]]
[2 7][ 0 -1][[2 6]][[1.5293124 6.1082296]]
[2 7][-1  0][[1 7]][[1.3039602 6.932731 ]]
[2 7][0 1][[2 8]][[1.5699849 7.422721 ]]
[2 7][1 0][[3 7]][[2.4144514 6.988441 ]]
[2 8][ 0 -1][[2 7]][[1.4996594 7.111748 ]]
[2 8][-1  0][[1 8]][[1.274307  7.9362497]]
[2 8][0 1][[2 8]][[1.541461  8.4262085]]
[2 8][1 0][[3 8]][[2.3847985 7.9919596]]
[3 0][ 0 -1][[3 0]][[2.789625   0.22553074]]
[3 0][-1  0][[2 0]][[2.5663102 0.2369423]]
[3 0][0 1][[3 1]][[2.7088976 1.0303284]]
[3 0][1 0][[3 0]][[3.746767 0.17662 ]]
[3 1][ 0 -1][[3 0]][[2.77647    0.22620296]]
[3 1][-1  0][[2 1]][[1.9029853 0.9751115]]
[3 1][0 1][[3 2]][[2.6905336 1.7888441]]
[3 1][1 0][[4 1]][[3.6516843  0.96889067]]
[3 2][ 0 -1][[3 1]][[2.7368925 1.0921979]]
[3 2][-1  0][[2 2]][[2.51154   1.9166985]]
[3 2][0 1][[3 3]][[2.670786 2.628033]]
[3 2][1 0][[3 2]][[3.6220312 1.9724089]]
[3 3][ 0 -1][[3 2]][[2.7072394 2.095716 ]]
[3 3][-1  0][[2 3]][[2.4818869 2.9202163]]
[3 3][0 1][[3 3]][[2.6510382 3.467222 ]]
[3 3][1 0][[3 3]][[3.5923781 2.9759274]]
[3 5][ 0 -1][[3 5]][[2.6479325 4.1027527]]
[3 5][-1  0][[2 5]][[2.4225802 4.927254 ]]
[3 5][0 1][[3 6]][[2.595012 5.419835]]
[3 5][1 0][[3 5]][[3.5330715 4.9829645]]
[3 6][ 0 -1][[3 5]][[2.6182792 5.1062713]]
[3 6][-1  0][[2 6]][[2.392927  5.9307723]]
[3 6][0 1][[3 7]][[2.5653589 6.4233537]]
[3 6][1 0][[4 6]][[3.5034184 5.9864826]]
[3 7][ 0 -1][[3 6]][[2.5886261 6.10979  ]]
[3 7][-1  0][[2 7]][[2.3632739 6.9342914]]
[3 7][0 1][[3 8]][[2.5357058 7.4268713]]
[3 7][1 0][[3 7]][[3.473765  6.9900017]]
[3 8][ 0 -1][[3 7]][[2.5589728 7.113308 ]]
[3 8][-1  0][[2 8]][[2.33362  7.937808]]
[3 8][0 1][[3 8]][[2.5060523 8.43039  ]]
[3 8][1 0][[3 8]][[3.4441118 7.99352  ]]
[4 1][ 0 -1][[4 1]][[3.8311124  0.17230989]]
[4 1][-1  0][[3 1]][[2.9274638  0.96877277]]
[4 1][0 1][[4 1]][[3.7503445 1.7821501]]
[4 1][1 0][[5 1]][[4.7109985  0.97045076]]
[4 6][ 0 -1][[4 6]][[3.6775928 5.107831 ]]
[4 6][-1  0][[3 6]][[3.4522405 5.9323325]]
[4 6][0 1][[4 6]][[3.6246722 6.424913 ]]
[4 6][1 0][[5 6]][[4.5627317 5.9880424]]
[5 0][ 0 -1][[5 0]][[4.900527   0.11766195]]
[5 0][-1  0][[5 0]][[4.6344285 0.1312598]]
[5 0][0 1][[5 1]][[4.82874   1.0040988]]
[5 0][1 0][[6 0]][[5.802098   0.07159096]]
[5 1][ 0 -1][[5 0]][[4.885755   0.11841682]]
[5 1][-1  0][[4 1]][[3.943984  0.9615437]]
[5 1][0 1][[5 2]][[4.8101554 1.7754562]]
[5 1][1 0][[6 1]][[5.770312   0.97201085]]
[5 2][ 0 -1][[5 1]][[4.8555193 1.0953178]]
[5 2][-1  0][[5 2]][[4.595527 1.919302]]
[5 2][0 1][[5 3]][[4.7904077 2.6146455]]
[5 2][1 0][[6 2]][[5.7406583 1.9755291]]
[5 3][ 0 -1][[5 2]][[4.8258657 2.0988357]]
[5 3][-1  0][[5 3]][[4.5701003 2.922883 ]]
[5 3][0 1][[5 3]][[4.7706594 3.453834 ]]
[5 3][1 0][[6 3]][[5.711005  2.9790473]]
[5 5][ 0 -1][[5 5]][[4.7665596 4.1058726]]
[5 5][-1  0][[5 5]][[4.519248  4.9300466]]
[5 5][0 1][[5 6]][[4.7136383 5.4229546]]
[5 5][1 0][[6 5]][[5.6516986 4.986085 ]]
[5 6][ 0 -1][[5 5]][[4.7369065 5.109391 ]]
[5 6][-1  0][[4 6]][[4.4938216 5.933628 ]]
[5 6][0 1][[5 7]][[4.6839857 6.4264736]]
[5 6][1 0][[6 6]][[5.622045 5.989603]]
[5 7][ 0 -1][[5 6]][[4.707253 6.11291 ]]
[5 7][-1  0][[5 7]][[4.4683948 6.93721  ]]
[5 7][0 1][[5 8]][[4.654332 7.429992]]
[5 7][1 0][[6 7]][[5.592392 6.993121]]
[5 8][ 0 -1][[5 7]][[4.6776    7.1164274]]
[5 8][-1  0][[5 8]][[4.4429684 7.9407907]]
[5 8][0 1][[5 8]][[4.6246786 8.433509 ]]
[5 8][1 0][[6 8]][[5.562739  7.9966397]]
[6 0][ 0 -1][[6 0]][[5.955978   0.06372756]]
[6 0][-1  0][[5 0]][[5.312959   0.10790725]]
[6 0][0 1][[6 1]][[5.888661  0.9909841]]
[6 0][1 0][[7 0]][[6.8162637  0.01976627]]
[6 1][ 0 -1][[6 0]][[5.9441557  0.09884447]]
[6 1][-1  0][[5 1]][[4.8904757 0.9464785]]
[6 1][0 1][[6 2]][[5.8699665 1.7687622]]
[6 1][1 0][[7 1]][[6.7922683  0.97301364]]
[6 2][ 0 -1][[6 1]][[5.9148326 1.0968778]]
[6 2][-1  0][[5 2]][[5.2739496 1.9151824]]
[6 2][0 1][[6 3]][[5.8502183 2.6079516]]
[6 2][1 0][[7 2]][[6.766842  1.9765952]]
[6 3][ 0 -1][[6 2]][[5.8851795 2.1003962]]
[6 3][-1  0][[5 3]][[5.2485228 2.9187634]]
[6 3][0 1][[6 4]][[5.8304715 3.4471402]]
[6 3][1 0][[7 3]][[6.741416  2.9801762]]
[6 4][ 0 -1][[6 3]][[5.8555264 3.103914 ]]
[6 4][-1  0][[6 4]][[5.223097 3.922345]]
[6 4][0 1][[6 5]][[5.8026056 4.4209967]]
[6 4][1 0][[6 4]][[6.715989 3.983758]]
[6 5][ 0 -1][[6 4]][[5.825873  4.1074333]]
[6 5][-1  0][[5 5]][[5.1976705 4.925927 ]]
[6 5][0 1][[6 6]][[5.7729526 5.4245152]]
[6 5][1 0][[7 5]][[6.6905622 4.98734  ]]
[6 6][ 0 -1][[6 5]][[5.79622   5.1109514]]
[6 6][-1  0][[5 6]][[5.172244  5.9295077]]
[6 6][0 1][[6 7]][[5.7432995 6.4280334]]
[6 6][1 0][[7 6]][[6.665136  5.9909215]]
[6 7][ 0 -1][[6 6]][[5.7665663 6.1144695]]
[6 7][-1  0][[5 7]][[5.146817  6.9330897]]
[6 7][0 1][[6 8]][[5.713646 7.431552]]
[6 7][1 0][[7 7]][[6.63971   6.9945025]]
[6 8][ 0 -1][[6 7]][[5.736913  7.1179886]]
[6 8][-1  0][[5 8]][[5.1213913 7.9366713]]
[6 8][0 1][[6 8]][[5.6839924 8.43507  ]]
[6 8][1 0][[7 8]][[6.6142836 7.9980836]]
[7 0][ 0 -1][[7 0]][[7.0114293  0.00979316]]
[7 0][-1  0][[6 0]][[5.991961   0.09075838]]
[7 0][0 1][[7 1]][[6.948581  0.9778694]]
[7 0][1 0][[8 0]][[ 7.4945135e+00 -6.1520934e-03]]
[7 1][ 0 -1][[7 0]][[7.0037994  0.09491959]]
[7 1][-1  0][[6 1]][[5.8369675 0.9314132]]
[7 1][0 1][[7 2]][[6.9297767 1.7620683]]
[7 1][1 0][[8 1]][[7.4706903 0.9688941]]
[7 2][ 0 -1][[7 1]][[6.974147 1.098438]]
[7 2][-1  0][[6 2]][[5.952372  1.9110626]]
[7 2][0 1][[7 3]][[6.9100294 2.601257 ]]
[7 2][1 0][[8 2]][[7.4452643 1.9724753]]
[7 3][ 0 -1][[7 2]][[6.9444923 2.1019561]]
[7 3][-1  0][[6 3]][[5.9269457 2.914644 ]]
[7 3][0 1][[7 3]][[6.8902817 3.4404461]]
[7 3][1 0][[8 3]][[7.4198375 2.976057 ]]
[7 5][ 0 -1][[7 5]][[6.885186  4.1089926]]
[7 5][-1  0][[6 5]][[5.8760924 4.9218073]]
[7 5][0 1][[7 6]][[6.832266 5.426075]]
[7 5][1 0][[8 5]][[7.368984 4.98322 ]]
[7 6][ 0 -1][[7 5]][[6.8555336 5.112511 ]]
[7 6][-1  0][[6 6]][[5.850666 5.925389]]
[7 6][0 1][[7 7]][[6.8026123 6.4295936]]
[7 6][1 0][[8 6]][[7.3435583 5.986802 ]]
[7 7][ 0 -1][[7 6]][[6.8258796 6.11603  ]]
[7 7][-1  0][[6 7]][[5.8252397 6.9289703]]
[7 7][0 1][[7 8]][[6.7729597 7.433112 ]]
[7 7][1 0][[8 7]][[7.318132  6.9903827]]
[7 8][ 0 -1][[7 7]][[6.796227 7.119548]]
[7 8][-1  0][[6 8]][[5.7998133 7.932552 ]]
[7 8][0 1][[7 8]][[6.743306 8.43663 ]]
[7 8][1 0][[8 8]][[7.2927055 7.9939637]]
[8 0][ 0 -1][[8 0]][[ 7.94191    -0.01071826]]
[8 0][-1  0][[7 0]][[6.6708803  0.07838467]]
[8 0][0 1][[8 1]][[7.9148355 0.9633579]]
[8 0][1 0][[8 0]][[ 8.17348    -0.02123654]]
[8 1][ 0 -1][[8 0]][[7.938499   0.09462142]]
[8 1][-1  0][[7 1]][[6.65536   0.9176365]]
[8 1][0 1][[8 2]][[7.900148  1.7540407]]
[8 1][1 0][[8 1]][[8.149113   0.96477437]]
[8 2][ 0 -1][[8 1]][[7.913073  1.0982027]]
[8 2][-1  0][[7 2]][[6.6307936 1.9069431]]
[8 2][0 1][[8 3]][[7.8846264 2.5932927]]
[8 2][1 0][[8 2]][[8.123687  1.9683554]]
[8 3][ 0 -1][[8 2]][[7.8876457 2.101784 ]]
[8 3][-1  0][[7 3]][[6.605367  2.9105241]]
[8 3][0 1][[8 3]][[7.8691053 3.4325445]]
[8 3][1 0][[8 3]][[8.09826   2.9719372]]
[8 5][ 0 -1][[8 5]][[7.836793 4.108947]]
[8 5][-1  0][[7 5]][[6.554515 4.917688]]
[8 5][0 1][[8 6]][[7.819046  5.4265537]]
[8 5][1 0][[8 5]][[8.047406 4.9791  ]]
[8 6][ 0 -1][[8 5]][[7.8113666 5.112528 ]]
[8 6][-1  0][[7 6]][[6.5290875 5.921269 ]]
[8 6][0 1][[8 7]][[7.793619 6.430135]]
[8 6][1 0][[8 6]][[8.02198   5.9826818]]
[8 7][ 0 -1][[8 6]][[7.78594 6.11611]]
[8 7][-1  0][[7 7]][[6.503662 6.92485 ]]
[8 7][0 1][[8 8]][[7.7681932 7.433716 ]]
[8 7][1 0][[8 7]][[7.996554  6.9862633]]
[8 8][ 0 -1][[8 7]][[7.760514  7.1196914]]
[8 8][-1  0][[7 8]][[6.4782352 7.928431 ]]
[8 8][0 1][[8 8]][[7.742766 8.437299]]
[8 8][1 0][[8 8]][[7.971127 7.989845]]
