[0 0][ 0 -1][[0 0]][[-0.02003472  0.20908056]]
[0 0][-1  0][[0 0]][[-0.02003472  0.20908056]]
[0 0][0 1][[0 1]][[-0.05024791  1.1470869 ]]
[0 0][1 0][[1 0]][[0.85485107 0.19274727]]
[0 1][ 0 -1][[0 0]][[-0.02003472  0.20908056]]
[0 1][-1  0][[0 1]][[-0.04571044  1.0062157 ]]
[0 1][0 1][[0 2]][[-0.07422139  1.8913736 ]]
[0 1][1 0][[1 1]][[0.7528727 1.0324627]]
[0 2][ 0 -1][[0 1]][[0.09276859 1.0226614 ]]
[0 2][-1  0][[0 2]][[-0.07850559  2.0243824 ]]
[0 2][0 1][[0 3]][[-0.11005817  3.0039718 ]]
[0 2][1 0][[1 2]][[0.70106846 2.0663836 ]]
[0 3][ 0 -1][[0 2]][[0.43325955 2.0338595 ]]
[0 3][-1  0][[0 3]][[-0.11243266  3.0776904 ]]
[0 3][0 1][[0 3]][[-0.14589494  4.1165695 ]]
[0 3][1 0][[1 3]][[-0.11556746  3.1750147 ]]
[0 5][ 0 -1][[0 5]][[-0.14952826  4.2293706 ]]
[0 5][-1  0][[0 5]][[-0.18410626  5.302888  ]]
[0 5][0 1][[0 6]][[-0.21756856  6.3417673 ]]
[0 5][1 0][[1 5]][[-0.18775336  5.4161167 ]]
[0 6][ 0 -1][[0 5]][[-0.18536505  5.3419685 ]]
[0 6][-1  0][[0 6]][[-0.21994303  6.415486  ]]
[0 6][0 1][[0 7]][[-0.25340536  7.4543653 ]]
[0 6][1 0][[1 6]][[-0.22359015  6.5287147 ]]
[0 7][ 0 -1][[0 6]][[-0.22120184  6.4545665 ]]
[0 7][-1  0][[0 7]][[-0.25577983  7.528084  ]]
[0 7][0 1][[0 8]][[-0.28924218  8.566964  ]]
[0 7][1 0][[1 7]][[-0.25942692  7.6413126 ]]
[0 8][ 0 -1][[0 7]][[-0.25703865  7.5671654 ]]
[0 8][-1  0][[0 8]][[-0.29161662  8.640681  ]]
[0 8][0 1][[0 8]][[-0.32511532  9.680691  ]]
[0 8][1 0][[1 8]][[-0.29526374  8.753911  ]]
[1 0][ 0 -1][[1 0]][[0.4832772 0.1996842]]
[1 0][-1  0][[0 0]][[-0.02003472  0.20908056]]
[1 0][0 1][[1 1]][[0.90845436 1.121438  ]]
[1 0][1 0][[2 0]][[1.7992412  0.17511638]]
[1 1][ 0 -1][[1 0]][[0.7472168  0.19475669]]
[1 1][-1  0][[0 1]][[-0.04601084  1.0155419 ]]
[1 1][0 1][[1 2]][[1.154734  1.8210994]]
[1 1][1 0][[2 1]][[1.7025806 1.0260723]]
[1 2][ 0 -1][[1 1]][[1.0939132 1.0132917]]
[1 2][-1  0][[0 2]][[0.2429135 2.0277026]]
[1 2][0 1][[1 3]][[1.4952245 2.8322973]]
[1 2][1 0][[2 2]][[1.6507764 2.0599933]]
[1 3][ 0 -1][[1 2]][[1.4344038 2.0244894]]
[1 3][-1  0][[0 3]][[0.58340484 3.0389001 ]]
[1 3][0 1][[1 4]][[1.835715  3.8434951]]
[1 3][1 0][[2 3]][[1.5989721 3.093914 ]]
[1 4][ 0 -1][[1 3]][[1.7748941 3.035687 ]]
[1 4][-1  0][[1 4]][[0.92389536 4.0500984 ]]
[1 4][0 1][[1 5]][[2.4278723e-03 4.9690404e+00]]
[1 4][1 0][[1 4]][[1.585963 4.125588]]
[1 5][ 0 -1][[1 4]][[2.1153846 4.0468845]]
[1 5][-1  0][[0 5]][[1.2643857 5.0612965]]
[1 5][0 1][[1 6]][[-0.2092956  6.084923 ]]
[1 5][1 0][[2 5]][[1.9264534 5.136786 ]]
[1 6][ 0 -1][[1 5]][[2.4558754 5.0580826]]
[1 6][-1  0][[0 6]][[0.0655925 6.1534653]]
[1 6][0 1][[1 7]][[-0.24513242  7.197521  ]]
[1 6][1 0][[2 6]][[-0.01823172  6.268191  ]]
[1 7][ 0 -1][[1 6]][[0.6669039 6.1812973]]
[1 7][-1  0][[0 7]][[-0.24750686  7.2712393 ]]
[1 7][0 1][[1 8]][[-0.2809692  8.31012  ]]
[1 7][1 0][[2 7]][[-0.251154  7.384469]]
[1 8][ 0 -1][[1 7]][[-0.24876568  7.310321  ]]
[1 8][-1  0][[0 8]][[-0.28334367  8.383838  ]]
[1 8][0 1][[1 8]][[-0.316806  9.422717]]
[1 8][1 0][[2 8]][[-0.2869908  8.4970665]]
[2 0][ 0 -1][[2 0]][[1.4790382  0.18109427]]
[2 0][-1  0][[1 0]][[0.60066307 0.19749272]]
[2 0][0 1][[2 1]][[1.904465  1.0950927]]
[2 0][1 0][[3 0]][[2.7436306 0.1574855]]
[2 1][ 0 -1][[2 0]][[1.7486615  0.17606065]]
[2 1][-1  0][[1 1]][[0.90356755 1.0071349 ]]
[2 1][0 1][[2 2]][[2.1558778 1.8117298]]
[2 1][1 0][[3 1]][[2.6522882 1.0196819]]
[2 2][ 0 -1][[2 1]][[2.0950577 1.0039219]]
[2 2][-1  0][[1 2]][[1.2440581 2.0183325]]
[2 2][0 1][[2 3]][[2.4963686 2.8229275]]
[2 2][1 0][[3 2]][[2.6004844 2.0536027]]
[2 3][ 0 -1][[2 2]][[2.4355478 2.0151196]]
[2 3][-1  0][[1 3]][[1.5845488 3.0295305]]
[2 3][0 1][[2 3]][[2.836859  3.8341255]]
[2 3][1 0][[3 3]][[2.5486798 3.0875235]]
[2 5][ 0 -1][[2 5]][[3.1165292 4.0375156]]
[2 5][-1  0][[1 5]][[2.26553   5.0519266]]
[2 5][0 1][[2 6]][[3.51784   5.8565207]]
[2 5][1 0][[3 5]][[2.9275978 5.127416 ]]
[2 6][ 0 -1][[2 5]][[3.4570198 5.048713 ]]
[2 6][-1  0][[1 6]][[2.6060205 6.063124 ]]
[2 6][0 1][[2 7]][[3.858331  6.8677187]]
[2 6][1 0][[3 6]][[3.2680883 6.138614 ]]
[2 7][ 0 -1][[2 6]][[3.7975106 6.059911 ]]
[2 7][-1  0][[1 7]][[2.9465113 7.074322 ]]
[2 7][0 1][[2 8]][[1.5207168 8.0197935]]
[2 7][1 0][[3 7]][[3.6085792 7.1498117]]
[2 8][ 0 -1][[2 7]][[4.1380005 7.071109 ]]
[2 8][-1  0][[1 8]][[3.2870011 8.085519 ]]
[2 8][0 1][[2 8]][[-0.30853304  9.165874  ]]
[2 8][1 0][[3 8]][[3.9406772 8.16145  ]]
[3 0][ 0 -1][[3 0]][[2.474799   0.16250435]]
[3 0][-1  0][[2 0]][[2.0069032  0.14620748]]
[3 0][0 1][[3 1]][[2.9004757 1.0687473]]
[3 0][1 0][[3 0]][[3.6880205  0.13985462]]
[3 1][ 0 -1][[3 0]][[2.7501059 0.1573646]]
[3 1][-1  0][[2 1]][[1.9047118  0.99776495]]
[3 1][0 1][[3 2]][[3.157022  1.8023599]]
[3 1][1 0][[4 1]][[3.6019957 1.0132915]]
[3 2][ 0 -1][[3 1]][[3.0962017 0.9945521]]
[3 2][-1  0][[2 2]][[2.2452023 2.0089629]]
[3 2][0 1][[3 3]][[3.497513  2.8135576]]
[3 2][1 0][[3 2]][[3.5501926 2.0472121]]
[3 3][ 0 -1][[3 2]][[3.4366922 2.0057497]]
[3 3][-1  0][[2 3]][[2.585693  3.0201607]]
[3 3][0 1][[3 3]][[3.8380032 3.824756 ]]
[3 3][1 0][[3 3]][[3.4983876 3.081133 ]]
[3 5][ 0 -1][[3 5]][[4.1176734 4.0281453]]
[3 5][-1  0][[2 5]][[3.266674  5.0425572]]
[3 5][0 1][[3 6]][[4.5189843 5.8471513]]
[3 5][1 0][[3 5]][[3.928743 5.118046]]
[3 6][ 0 -1][[3 5]][[4.4581637 5.0393434]]
[3 6][-1  0][[2 6]][[3.6071649 6.0537543]]
[3 6][0 1][[3 7]][[4.8594747 6.8583493]]
[3 6][1 0][[4 6]][[4.2692323 6.129244 ]]
[3 7][ 0 -1][[3 6]][[4.798655  6.0505414]]
[3 7][-1  0][[2 7]][[3.9476554 7.064952 ]]
[3 7][0 1][[3 8]][[5.199966 7.869547]]
[3 7][1 0][[3 7]][[4.609723  7.1404414]]
[3 8][ 0 -1][[3 7]][[5.1391454 7.0617394]]
[3 8][-1  0][[2 8]][[4.2881455 8.076149 ]]
[3 8][0 1][[3 8]][[5.5404563 8.880746 ]]
[3 8][1 0][[3 8]][[4.950214 8.15164 ]]
[4 1][ 0 -1][[4 1]][[3.8941162  0.13600701]]
[4 1][-1  0][[3 1]][[2.905856  0.9883952]]
[4 1][0 1][[4 1]][[4.094845  1.7950541]]
[4 1][1 0][[5 1]][[4.5517044 1.006901 ]]
[4 6][ 0 -1][[4 6]][[5.4224114 5.030949 ]]
[4 6][-1  0][[3 6]][[4.6083093 6.044385 ]]
[4 6][0 1][[4 6]][[5.5965843 6.8559637]]
[4 6][1 0][[5 6]][[5.2703767 6.119874 ]]
[5 0][ 0 -1][[5 0]][[4.985151   0.11563841]]
[5 0][-1  0][[5 0]][[4.8771253  0.03903776]]
[5 0][0 1][[5 1]][[5.069801  1.0281068]]
[5 0][1 0][[6 0]][[5.5767994  0.10459288]]
[5 1][ 0 -1][[5 0]][[5.035678   0.11469512]]
[5 1][-1  0][[4 1]][[3.9069996  0.97902536]]
[5 1][0 1][[5 2]][[5.1004953 1.7991731]]
[5 1][1 0][[6 1]][[5.501412  1.0005105]]
[5 2][ 0 -1][[5 1]][[5.144624  0.9873956]]
[5 2][-1  0][[5 2]][[4.2474904 1.990223 ]]
[5 2][0 1][[5 3]][[5.2048674 2.8138733]]
[5 2][1 0][[6 2]][[5.4496074 2.0344312]]
[5 3][ 0 -1][[5 2]][[5.2489953 2.0020957]]
[5 3][-1  0][[5 3]][[4.5879807 3.001421 ]]
[5 3][0 1][[5 3]][[5.3092394 3.8285735]]
[5 3][1 0][[6 3]][[5.397804  3.0683522]]
[5 5][ 0 -1][[5 5]][[5.457738 4.031496]]
[5 5][-1  0][[5 5]][[5.268963 5.023817]]
[5 5][0 1][[5 6]][[5.5179825 5.8579736]]
[5 5][1 0][[6 5]][[5.9310303 5.0993066]]
[5 6][ 0 -1][[5 5]][[5.5621104 5.046196 ]]
[5 6][-1  0][[4 6]][[5.6094527 6.0350146]]
[5 6][0 1][[5 7]][[5.6223545 6.872674 ]]
[5 6][1 0][[6 6]][[6.2715206 6.1105046]]
[5 7][ 0 -1][[5 6]][[5.7336144 6.060033 ]]
[5 7][-1  0][[5 7]][[5.9499435 7.0462127]]
[5 7][0 1][[5 8]][[5.907788 7.885047]]
[5 7][1 0][[6 7]][[6.612012 7.121702]]
[5 8][ 0 -1][[5 7]][[6.039685  7.0721407]]
[5 8][-1  0][[5 8]][[6.290434 8.057409]]
[5 8][0 1][[5 8]][[6.213858 8.897157]]
[5 8][1 0][[6 8]][[6.9525023 8.132899 ]]
[6 0][ 0 -1][[6 0]][[5.985856   0.09695618]]
[6 0][-1  0][[5 0]][[5.011435  0.1151477]]
[6 0][0 1][[6 1]][[6.070318  1.0152502]]
[6 0][1 0][[7 0]][[6.5211897  0.08696199]]
[6 1][ 0 -1][[6 0]][[6.0420666  0.09590678]]
[6 1][-1  0][[5 1]][[5.0994263 0.9753605]]
[6 1][0 1][[6 2]][[6.1061463 1.803292 ]]
[6 1][1 0][[7 1]][[6.4511204 0.9941201]]
[6 2][ 0 -1][[6 1]][[6.1502743  0.99151444]]
[6 2][-1  0][[5 2]][[5.2037983 1.9900607]]
[6 2][0 1][[6 3]][[6.210519  2.8179922]]
[6 2][1 0][[7 2]][[6.399316  2.0280411]]
[6 3][ 0 -1][[6 2]][[6.254646  2.0062146]]
[6 3][-1  0][[5 3]][[5.3081694 3.0047605]]
[6 3][0 1][[6 4]][[6.31489   3.8326917]]
[6 3][1 0][[7 3]][[6.3475122 3.0619617]]
[6 4][ 0 -1][[6 3]][[6.3590174 3.0209148]]
[6 4][-1  0][[6 4]][[5.4125414 4.019461 ]]
[6 4][0 1][[6 5]][[6.419262 4.847393]]
[6 4][1 0][[6 4]][[6.5916843 4.0787387]]
[6 5][ 0 -1][[6 4]][[6.46339  4.035615]]
[6 5][-1  0][[5 5]][[5.532249 5.033964]]
[6 5][0 1][[6 6]][[6.5236335 5.862093 ]]
[6 5][1 0][[7 5]][[6.932175  5.0899367]]
[6 6][ 0 -1][[6 5]][[6.567762 5.050315]]
[6 6][-1  0][[5 6]][[5.838319  6.0460725]]
[6 6][0 1][[6 7]][[6.628006 6.876793]]
[6 6][1 0][[7 6]][[7.272665  6.1011343]]
[6 7][ 0 -1][[6 6]][[6.672132 6.065015]]
[6 7][-1  0][[5 7]][[6.1443887 7.058181 ]]
[6 7][0 1][[6 8]][[6.732377  7.8914933]]
[6 7][1 0][[7 7]][[7.613156 7.112333]]
[6 8][ 0 -1][[6 7]][[6.7765045 7.0797143]]
[6 8][-1  0][[5 8]][[6.4504585 8.070288 ]]
[6 8][0 1][[6 8]][[6.8367486 8.906194 ]]
[6 8][1 0][[7 8]][[7.9536467 8.123529 ]]
[7 0][ 0 -1][[7 0]][[6.9865613  0.07827394]]
[7 0][-1  0][[6 0]][[6.01214    0.09646548]]
[7 0][0 1][[7 1]][[7.0708356 1.0023936]]
[7 0][1 0][[8 0]][[7.4655795  0.06933112]]
[7 1][ 0 -1][[7 0]][[7.0484557  0.07711843]]
[7 1][-1  0][[6 1]][[6.1050773  0.97947955]]
[7 1][0 1][[7 2]][[7.111798 1.807411]]
[7 1][1 0][[8 1]][[7.400828   0.98772955]]
[7 2][ 0 -1][[7 1]][[7.155926   0.99563354]]
[7 2][-1  0][[6 2]][[6.2094493 1.9941795]]
[7 2][0 1][[7 3]][[7.2161703 2.8221114]]
[7 2][1 0][[8 2]][[7.3490243 2.0216506]]
[7 3][ 0 -1][[7 2]][[7.260297  2.0103335]]
[7 3][-1  0][[6 3]][[6.313821  3.0088794]]
[7 3][0 1][[7 3]][[7.3205404 3.8368108]]
[7 3][1 0][[8 3]][[7.2972198 3.055571 ]]
[7 5][ 0 -1][[7 5]][[7.46904   4.0397334]]
[7 5][-1  0][[6 5]][[6.5225644 5.03828  ]]
[7 5][0 1][[7 6]][[7.5292845 5.866212 ]]
[7 5][1 0][[8 5]][[7.9333196 5.0805674]]
[7 6][ 0 -1][[7 5]][[7.5734124 5.0544333]]
[7 6][-1  0][[6 6]][[6.626936 6.052981]]
[7 6][0 1][[7 7]][[7.6336565 6.880912 ]]
[7 6][1 0][[8 6]][[8.27381  6.091765]]
[7 7][ 0 -1][[7 6]][[7.677784 6.069134]]
[7 7][-1  0][[6 7]][[6.731308 7.067681]]
[7 7][0 1][[7 8]][[7.738028  7.8956113]]
[7 7][1 0][[8 7]][[8.6143   7.102963]]
[7 8][ 0 -1][[7 7]][[7.7821555 7.083834 ]]
[7 8][-1  0][[6 8]][[6.835679 8.082381]]
[7 8][0 1][[7 8]][[7.8424   8.910313]]
[7 8][1 0][[8 8]][[8.954792 8.114161]]
[8 0][ 0 -1][[8 0]][[7.9872665  0.05959171]]
[8 0][-1  0][[7 0]][[7.0128455  0.07778324]]
[8 0][0 1][[8 1]][[8.071353 0.989537]]
[8 0][1 0][[8 0]][[7.8818645  0.06155947]]
[8 1][ 0 -1][[8 0]][[8.054844   0.05833009]]
[8 1][-1  0][[7 1]][[7.1107287 0.9835985]]
[8 1][0 1][[8 2]][[8.117449  1.8115301]]
[8 1][1 0][[8 1]][[7.7878795  0.99622196]]
[8 2][ 0 -1][[8 1]][[8.161576   0.99975246]]
[8 2][-1  0][[7 2]][[7.2151    1.9982986]]
[8 2][0 1][[8 3]][[8.221821  2.8262303]]
[8 2][1 0][[8 2]][[7.7016544 2.0310533]]
[8 3][ 0 -1][[8 2]][[8.265948  2.0144525]]
[8 3][-1  0][[7 3]][[7.3194714 3.0129986]]
[8 3][0 1][[8 3]][[8.326192 3.84093 ]]
[8 3][1 0][[8 3]][[7.6219835 3.065505 ]]
[8 5][ 0 -1][[8 5]][[8.474692  4.0438523]]
[8 5][-1  0][[7 5]][[7.528216 5.042399]]
[8 5][0 1][[8 6]][[8.534936  5.8703313]]
[8 5][1 0][[8 5]][[8.234124 5.089722]]
[8 6][ 0 -1][[8 5]][[8.579063 5.058553]]
[8 6][-1  0][[7 6]][[7.6325874 6.057099 ]]
[8 6][0 1][[8 7]][[8.639307 6.885031]]
[8 6][1 0][[8 6]][[8.540194 6.101831]]
[8 7][ 0 -1][[8 6]][[8.6834345 6.073253 ]]
[8 7][-1  0][[7 7]][[7.7369585 7.0717993]]
[8 7][0 1][[8 8]][[8.743679  7.8997316]]
[8 7][1 0][[8 7]][[8.846264 7.113939]]
[8 8][ 0 -1][[8 7]][[8.787807  7.0879526]]
[8 8][-1  0][[7 8]][[7.8413296 8.0865   ]]
[8 8][0 1][[8 8]][[8.848051 8.914432]]
[8 8][1 0][[8 8]][[9.152333 8.126047]]
