[0 0][ 0 -1][[0 0]][[-0.01853979  0.24367274]]
[0 0][-1  0][[0 0]][[-0.01853979  0.24367274]]
[0 0][0 1][[0 1]][[-0.00976157  1.1840552 ]]
[0 0][1 0][[1 0]][[0.6572445  0.29173645]]
[0 1][ 0 -1][[0 0]][[-0.01770892  0.33268148]]
[0 1][-1  0][[0 1]][[-0.01011229  1.1464833 ]]
[0 1][0 1][[0 2]][[-0.00279378  1.9304926 ]]
[0 1][1 0][[1 1]][[0.62009764 1.242891  ]]
[0 2][ 0 -1][[0 1]][[-0.00812949  1.3588945 ]]
[0 2][-1  0][[0 2]][[-5.0666556e-04  2.1755040e+00]]
[0 2][0 1][[0 3]][[0.00681565 2.95992   ]]
[0 2][1 0][[1 2]][[0.58289504 2.27355   ]]
[0 3][ 0 -1][[0 2]][[1.4773514e-03 2.3880453e+00]]
[0 3][-1  0][[0 3]][[0.00909896 3.204524  ]]
[0 3][0 1][[0 3]][[0.01642507 3.9893467 ]]
[0 3][1 0][[1 3]][[0.5456915 3.3042088]]
[0 5][ 0 -1][[0 5]][[0.02069619 4.446899  ]]
[0 5][-1  0][[0 5]][[0.02831527 5.263107  ]]
[0 5][0 1][[0 6]][[0.03564391 6.0482006 ]]
[0 5][1 0][[1 5]][[0.47128582 5.3655252 ]]
[0 6][ 0 -1][[0 5]][[0.03030562 5.4763265 ]]
[0 6][-1  0][[0 6]][[0.0379247 6.292534 ]]
[0 6][0 1][[0 7]][[0.04525334 7.0776277 ]]
[0 6][1 0][[1 6]][[0.43408188 6.396185  ]]
[0 7][ 0 -1][[0 6]][[0.03991504 6.5057526 ]]
[0 7][-1  0][[0 7]][[0.04753412 7.321961  ]]
[0 7][0 1][[0 8]][[0.05486643 8.107448  ]]
[0 7][1 0][[1 7]][[0.39829868 7.427769  ]]
[0 8][ 0 -1][[0 7]][[0.04952447 7.53518   ]]
[0 8][-1  0][[0 8]][[0.05714355 8.351387  ]]
[0 8][0 1][[0 8]][[0.06448885 9.138266  ]]
[0 8][1 0][[1 8]][[0.36315882 8.459774  ]]
[1 0][ 0 -1][[1 0]][[0.16160306 0.23962325]]
[1 0][-1  0][[0 0]][[-0.01853979  0.24367274]]
[1 0][0 1][[1 1]][[0.59642124 1.1569296 ]]
[1 0][1 0][[2 0]][[1.6849716  0.26203018]]
[1 1][ 0 -1][[1 0]][[0.18911943 0.33338466]]
[1 1][-1  0][[0 1]][[-0.01003614  1.154642  ]]
[1 1][0 1][[1 2]][[0.63028085 1.9185799 ]]
[1 1][1 0][[2 1]][[1.6471442 1.2271402]]
[1 2][ 0 -1][[1 1]][[0.22551952 1.3618027 ]]
[1 2][-1  0][[0 2]][[-4.3050759e-04  2.1836624e+00]]
[1 2][0 1][[1 3]][[0.6666805 2.9469986]]
[1 2][1 0][[2 2]][[1.6099416 2.257799 ]]
[1 3][ 0 -1][[1 2]][[0.26191917 2.3902206 ]]
[1 3][-1  0][[0 3]][[0.00917512 3.2126827 ]]
[1 3][0 1][[1 4]][[0.7030806 3.975416 ]]
[1 3][1 0][[2 3]][[1.5727382 3.2884576]]
[1 4][ 0 -1][[1 3]][[0.2983184 3.4186387]]
[1 4][-1  0][[1 4]][[0.01878075 4.241703  ]]
[1 4][0 1][[1 5]][[0.73948026 5.003834  ]]
[1 4][1 0][[1 4]][[1.5355355 4.319116 ]]
[1 5][ 0 -1][[1 4]][[0.33471805 4.4470563 ]]
[1 5][-1  0][[0 5]][[0.02838637 5.2707224 ]]
[1 5][0 1][[1 6]][[0.7758799 6.032252 ]]
[1 5][1 0][[2 5]][[1.4983324 5.3497744]]
[1 6][ 0 -1][[1 5]][[0.37111768 5.475474  ]]
[1 6][-1  0][[0 6]][[0.037992 6.299743]]
[1 6][0 1][[1 7]][[0.8122796 7.0606704]]
[1 6][1 0][[2 6]][[1.461129  6.3804336]]
[1 7][ 0 -1][[1 6]][[0.40751737 6.5038924 ]]
[1 7][-1  0][[0 7]][[0.04759763 7.328764  ]]
[1 7][0 1][[1 8]][[0.8486792 8.089088 ]]
[1 7][1 0][[2 7]][[1.4239267 7.4110928]]
[1 8][ 0 -1][[1 7]][[0.44391745 7.5323105 ]]
[1 8][-1  0][[0 8]][[0.05720325 8.357783  ]]
[1 8][0 1][[1 8]][[0.88507885 9.117505  ]]
[1 8][1 0][[2 8]][[1.3867232 8.441751 ]]
[2 0][ 0 -1][[2 0]][[1.3571162  0.21274893]]
[2 0][-1  0][[1 0]][[0.6379253  0.22891586]]
[2 0][0 1][[2 1]][[1.7918597 1.1219931]]
[2 0][1 0][[3 0]][[2.7118635  0.23005843]]
[2 1][ 0 -1][[2 0]][[1.3847126 0.3146689]]
[2 1][-1  0][[1 1]][[0.6732881 1.1474417]]
[2 1][0 1][[2 2]][[1.8258739 1.8998643]]
[2 1][1 0][[3 1]][[2.674191  1.2113891]]
[2 2][ 0 -1][[2 1]][[1.4211118 1.3430868]]
[2 2][-1  0][[1 2]][[0.7096878 2.17586  ]]
[2 2][0 1][[2 3]][[1.8622733 2.9282827]]
[2 2][1 0][[3 2]][[2.6369882 2.242048 ]]
[2 3][ 0 -1][[2 2]][[1.4575115 2.3715053]]
[2 3][-1  0][[1 3]][[0.7460875 3.204278 ]]
[2 3][0 1][[2 3]][[1.8986733 3.9567006]]
[2 3][1 0][[3 3]][[2.5997856 3.2727067]]
[2 5][ 0 -1][[2 5]][[1.530311  4.4283414]]
[2 5][-1  0][[1 5]][[0.81888676 5.2611136 ]]
[2 5][0 1][[2 6]][[1.9714724 6.013536 ]]
[2 5][1 0][[3 5]][[2.525379 5.334024]]
[2 6][ 0 -1][[2 5]][[1.5667106 5.4567585]]
[2 6][-1  0][[1 6]][[0.8552864 6.289531 ]]
[2 6][0 1][[2 7]][[2.0078719 7.0419545]]
[2 6][1 0][[3 6]][[2.4881763 6.3646827]]
[2 7][ 0 -1][[2 6]][[1.6031103 6.4851766]]
[2 7][-1  0][[1 7]][[0.8916865 7.3179493]]
[2 7][0 1][[2 8]][[2.0442717 8.070373 ]]
[2 7][1 0][[3 7]][[2.4509726 7.395342 ]]
[2 8][ 0 -1][[2 7]][[1.6395097 7.5135946]]
[2 8][-1  0][[1 8]][[0.92808527 8.346367  ]]
[2 8][0 1][[2 8]][[2.080671 9.098789]]
[2 8][1 0][[3 8]][[2.4137692 8.426    ]]
[3 0][ 0 -1][[3 0]][[2.5526297  0.18587461]]
[3 0][-1  0][[2 0]][[1.8334385  0.20204154]]
[3 0][0 1][[3 1]][[2.9872978 1.0870566]]
[3 0][1 0][[3 0]][[3.7387567  0.19808666]]
[3 1][ 0 -1][[3 0]][[2.5803049  0.29595318]]
[3 1][-1  0][[2 1]][[1.8688806 1.128726 ]]
[3 1][0 1][[3 2]][[3.0214665 1.8811485]]
[3 1][1 0][[4 1]][[3.7012374 1.1956383]]
[3 2][ 0 -1][[3 1]][[2.6167042 1.3243711]]
[3 2][-1  0][[2 2]][[1.9052802 2.157144 ]]
[3 2][0 1][[3 3]][[3.0578659 2.9095666]]
[3 2][1 0][[3 2]][[3.6640356 2.226297 ]]
[3 3][ 0 -1][[3 2]][[2.653104  2.3527896]]
[3 3][-1  0][[2 3]][[1.9416803 3.1855621]]
[3 3][0 1][[3 3]][[3.094266  3.9379845]]
[3 3][1 0][[3 3]][[3.626832  3.2569559]]
[3 5][ 0 -1][[3 5]][[2.7259035 4.409625 ]]
[3 5][-1  0][[2 5]][[2.0144792 5.242398 ]]
[3 5][0 1][[3 6]][[3.1670651 5.99482  ]]
[3 5][1 0][[3 5]][[3.5524263 5.3182735]]
[3 6][ 0 -1][[3 5]][[2.7623029 5.438043 ]]
[3 6][-1  0][[2 6]][[2.0508788 6.270816 ]]
[3 6][0 1][[3 7]][[3.2034647 7.0232377]]
[3 6][1 0][[4 6]][[3.5152225 6.348932 ]]
[3 7][ 0 -1][[3 6]][[2.798703 6.466461]]
[3 7][-1  0][[2 7]][[2.0872784 7.2992334]]
[3 7][0 1][[3 8]][[3.2398643 8.051656 ]]
[3 7][1 0][[3 7]][[3.4780195 7.37959  ]]
[3 8][ 0 -1][[3 7]][[2.8351028 7.4948797]]
[3 8][-1  0][[2 8]][[2.1236784 8.327651 ]]
[3 8][0 1][[3 8]][[3.2762642 9.080073 ]]
[3 8][1 0][[3 8]][[3.4408166 8.410249 ]]
[4 1][ 0 -1][[4 1]][[3.775898  0.2772375]]
[4 1][-1  0][[3 1]][[3.0644732 1.1100103]]
[4 1][0 1][[4 1]][[4.217059  1.8624328]]
[4 1][1 0][[5 1]][[4.7282844 1.1798873]]
[4 6][ 0 -1][[4 6]][[3.957896  5.4193273]]
[4 6][-1  0][[3 6]][[3.2464716 6.2521005]]
[4 6][0 1][[4 6]][[4.399058 7.004523]]
[4 6][1 0][[5 6]][[4.542269  6.3331814]]
[5 0][ 0 -1][[5 0]][[4.900167   0.13310358]]
[5 0][-1  0][[5 0]][[4.553077   0.08098003]]
[5 0][0 1][[5 1]][[4.948866  1.0322345]]
[5 0][1 0][[6 0]][[5.7925406 0.1341432]]
[5 1][ 0 -1][[5 0]][[4.878078   0.26228634]]
[5 1][-1  0][[4 1]][[4.260066  1.0912945]]
[5 1][0 1][[5 2]][[4.9333987 1.8592081]]
[5 1][1 0][[6 1]][[5.755331  1.1641362]]
[5 2][ 0 -1][[5 1]][[4.864533  1.2911445]]
[5 2][-1  0][[5 2]][[4.296466  2.1197126]]
[5 2][0 1][[5 3]][[4.9198537 2.8880665]]
[5 2][1 0][[6 2]][[5.7181287 2.1947951]]
[5 3][ 0 -1][[5 2]][[4.873986  2.3203351]]
[5 3][-1  0][[5 3]][[4.332865  3.1481307]]
[5 3][0 1][[5 3]][[4.9189982 3.9171078]]
[5 3][1 0][[6 3]][[5.680925 3.225454]]
[5 5][ 0 -1][[5 5]][[4.8935843 4.378725 ]]
[5 5][-1  0][[5 5]][[4.405665 5.204966]]
[5 5][0 1][[5 6]][[4.9385962 5.975498 ]]
[5 5][1 0][[6 5]][[5.606519  5.2867713]]
[5 6][ 0 -1][[5 5]][[4.9033833 5.407921 ]]
[5 6][-1  0][[4 6]][[4.442065 6.233384]]
[5 6][0 1][[5 7]][[4.9483957 7.004694 ]]
[5 6][1 0][[6 6]][[5.569316 6.31743 ]]
[5 7][ 0 -1][[5 6]][[4.9131827 6.437116 ]]
[5 7][-1  0][[5 7]][[4.4784636 7.2618017]]
[5 7][0 1][[5 8]][[4.958195 8.033889]]
[5 7][1 0][[6 7]][[5.532112  7.3480883]]
[5 8][ 0 -1][[5 7]][[4.922982  7.4663115]]
[5 8][-1  0][[5 8]][[4.5148635 8.290219 ]]
[5 8][0 1][[5 8]][[4.9679947 9.063084 ]]
[5 8][1 0][[6 8]][[5.4949093 8.378747 ]]
[6 0][ 0 -1][[6 0]][[5.8987484  0.11065614]]
[6 0][-1  0][[5 0]][[4.9013734  0.13307646]]
[6 0][0 1][[6 1]][[5.947792  1.0466694]]
[6 0][1 0][[7 0]][[6.819582   0.11772656]]
[6 1][ 0 -1][[6 0]][[5.877158   0.29294205]]
[6 1][-1  0][[5 1]][[4.887252  1.1001549]]
[6 1][0 1][[6 2]][[5.93248   1.8898638]]
[6 1][1 0][[7 1]][[6.7823772 1.1483853]]
[6 2][ 0 -1][[6 1]][[5.8636136 1.3218002]]
[6 2][-1  0][[5 2]][[4.873707 2.129013]]
[6 2][0 1][[6 3]][[5.918935  2.9187222]]
[6 2][1 0][[7 2]][[6.7451754 2.1790442]]
[6 3][ 0 -1][[6 2]][[5.850069  2.3506584]]
[6 3][-1  0][[5 3]][[4.8601627 3.1578712]]
[6 3][0 1][[6 4]][[5.9053903 3.9475799]]
[6 3][1 0][[7 3]][[6.707972 3.209703]]
[6 4][ 0 -1][[6 3]][[5.836524  3.3795164]]
[6 4][-1  0][[6 4]][[4.846617 4.186729]]
[6 4][0 1][[6 5]][[5.891845  4.9764376]]
[6 4][1 0][[6 4]][[6.670769 4.240361]]
[6 5][ 0 -1][[6 4]][[5.822979 4.408374]]
[6 5][-1  0][[5 5]][[4.833072 5.215586]]
[6 5][0 1][[6 6]][[5.8782997 6.005296 ]]
[6 5][1 0][[7 5]][[6.6335664 5.27102  ]]
[6 6][ 0 -1][[6 5]][[5.8094344 5.437232 ]]
[6 6][-1  0][[5 6]][[4.819527 6.244445]]
[6 6][0 1][[6 7]][[5.8647556 7.034154 ]]
[6 6][1 0][[7 6]][[6.596363  6.3016787]]
[6 7][ 0 -1][[6 6]][[5.7958894 6.46609  ]]
[6 7][-1  0][[5 7]][[4.8059826 7.273303 ]]
[6 7][0 1][[6 8]][[5.8512106 8.063011 ]]
[6 7][1 0][[7 7]][[6.55916  7.332338]]
[6 8][ 0 -1][[6 7]][[5.782345  7.4949474]]
[6 8][-1  0][[5 8]][[4.792438 8.302161]]
[6 8][0 1][[6 8]][[5.8376665 9.091869 ]]
[6 8][1 0][[7 8]][[6.521957 8.362996]]
[7 0][ 0 -1][[7 0]][[6.89733    0.08820872]]
[7 0][-1  0][[6 0]][[5.899958   0.11062896]]
[7 0][0 1][[7 1]][[6.9467177 1.0611043]]
[7 0][1 0][[8 0]][[7.8136063  0.10300374]]
[7 1][ 0 -1][[7 0]][[6.8762393  0.32359776]]
[7 1][-1  0][[6 1]][[5.8863316 1.1308104]]
[7 1][0 1][[7 2]][[6.9315596 1.9205197]]
[7 1][1 0][[8 1]][[7.809425  1.1326344]]
[7 2][ 0 -1][[7 1]][[6.862694  1.3524557]]
[7 2][-1  0][[6 2]][[5.8727875 2.1596687]]
[7 2][0 1][[7 3]][[6.9180155 2.9493778]]
[7 2][1 0][[8 2]][[7.7722216 2.1632931]]
[7 3][ 0 -1][[7 2]][[6.8491497 2.381314 ]]
[7 3][-1  0][[6 3]][[5.859242  3.1885269]]
[7 3][0 1][[7 3]][[6.9044704 3.9782357]]
[7 3][1 0][[8 3]][[7.7350187 3.193952 ]]
[7 5][ 0 -1][[7 5]][[6.8220587 4.4390297]]
[7 5][-1  0][[6 5]][[5.8321524 5.2462425]]
[7 5][0 1][[7 6]][[6.877381  6.0359516]]
[7 5][1 0][[8 5]][[7.6606126 5.2552695]]
[7 6][ 0 -1][[7 5]][[6.808514  5.4678874]]
[7 6][-1  0][[6 6]][[5.818608  6.2750998]]
[7 6][0 1][[7 7]][[6.8638353 7.0648093]]
[7 6][1 0][[8 6]][[7.6234093 6.285928 ]]
[7 7][ 0 -1][[7 6]][[6.794969  6.4967456]]
[7 7][-1  0][[6 7]][[5.805063 7.303959]]
[7 7][0 1][[7 8]][[6.850291 8.093667]]
[7 7][1 0][[8 7]][[7.5862064 7.3165865]]
[7 8][ 0 -1][[7 7]][[6.781425  7.5256033]]
[7 8][-1  0][[6 8]][[5.791518 8.332816]]
[7 8][0 1][[7 8]][[6.836746 9.122524]]
[7 8][1 0][[8 8]][[7.5490036 8.347244 ]]
[8 0][ 0 -1][[8 0]][[7.895911   0.06576128]]
[8 0][-1  0][[7 0]][[6.898957   0.13260818]]
[8 0][0 1][[8 1]][[7.945644  1.0755391]]
[8 0][1 0][[8 0]][[7.8137608  0.11922455]]
[8 1][ 0 -1][[8 0]][[7.875318   0.35425344]]
[8 1][-1  0][[7 1]][[6.8854117 1.1614664]]
[8 1][0 1][[8 2]][[7.93064   1.9511752]]
[8 1][1 0][[8 1]][[7.8235598 1.1484199]]
[8 2][ 0 -1][[8 1]][[7.861774  1.3831116]]
[8 2][-1  0][[7 2]][[6.8718677 2.1903245]]
[8 2][0 1][[8 3]][[7.917095  2.9800336]]
[8 2][1 0][[8 2]][[7.8333597 2.1776156]]
[8 3][ 0 -1][[8 2]][[7.848229  2.4119697]]
[8 3][-1  0][[7 3]][[6.858322  3.2191825]]
[8 3][0 1][[8 3]][[7.9035506 4.0088916]]
[8 3][1 0][[8 3]][[7.8431582 3.206811 ]]
[8 5][ 0 -1][[8 5]][[7.8211393 4.4696856]]
[8 5][-1  0][[7 5]][[6.8312325 5.276898 ]]
[8 5][0 1][[8 6]][[7.8764606 6.0666075]]
[8 5][1 0][[8 5]][[7.862757  5.2652016]]
[8 6][ 0 -1][[8 5]][[7.8075943 5.4985437]]
[8 6][-1  0][[7 6]][[6.8176875 6.305756 ]]
[8 6][0 1][[8 7]][[7.8629155 7.0954657]]
[8 6][1 0][[8 6]][[7.8725567 6.2943964]]
[8 7][ 0 -1][[8 6]][[7.79405   6.5274014]]
[8 7][-1  0][[7 7]][[6.8041434 7.3346143]]
[8 7][0 1][[8 8]][[7.8493714 8.124323 ]]
[8 7][1 0][[8 7]][[7.8823557 7.323592 ]]
[8 8][ 0 -1][[8 7]][[7.7805047 7.5562596]]
[8 8][-1  0][[7 8]][[6.7905984 8.363472 ]]
[8 8][0 1][[8 8]][[7.835826 9.153181]]
[8 8][1 0][[8 8]][[7.8921547 8.352787 ]]
