[0 0][ 0 -1][[0 0]][[0.27214003 0.2944641 ]]
[0 0][-1  0][[0 0]][[0.16412137 0.1450948 ]]
[0 0][0 1][[0 1]][[0.29931247 0.31395435]]
[0 0][1 0][[1 0]][[0.2893353  0.26760083]]
[0 1][ 0 -1][[0 0]][[0.38730013 0.4068359 ]]
[0 1][-1  0][[0 1]][[0.36880928 0.3454489 ]]
[0 1][0 1][[0 2]][[0.5371768  0.52001697]]
[0 1][1 0][[1 1]][[0.5024423  0.45880568]]
[0 2][ 0 -1][[0 1]][[0.68856317 0.677851  ]]
[0 2][-1  0][[0 2]][[0.6397306 0.5800041]]
[0 2][0 1][[0 3]][[0.8329097  0.77978057]]
[0 2][1 0][[1 2]][[0.80842716 0.7300827 ]]
[0 3][ 0 -1][[0 2]][[1.009444   0.96683425]]
[0 3][-1  0][[0 3]][[0.96169156 0.86867934]]
[0 3][0 1][[0 3]][[1.1504376 1.0675613]]
[0 3][1 0][[1 3]][[1.1248405 1.0132256]]
[0 5][ 0 -1][[0 5]][[1.6594387 1.5714619]]
[0 5][-1  0][[0 5]][[1.6526729 1.489917 ]]
[0 5][0 1][[0 6]][[1.822855  1.6874031]]
[0 5][1 0][[1 5]][[1.79521  1.614454]]
[0 6][ 0 -1][[0 5]][[1.989092  1.8829281]]
[0 6][-1  0][[0 6]][[2.001821  1.8032656]]
[0 6][0 1][[0 7]][[2.157569  1.9964691]]
[0 6][1 0][[1 6]][[2.1400847 1.9206985]]
[0 7][ 0 -1][[0 6]][[2.3274162 2.1958723]]
[0 7][-1  0][[0 7]][[2.350969 2.116614]]
[0 7][0 1][[0 8]][[2.4988713 2.29866  ]]
[0 7][1 0][[1 7]][[2.4853053 2.2274394]]
[0 8][ 0 -1][[0 7]][[2.667906 2.51311 ]]
[0 8][-1  0][[0 8]][[2.6997411 2.4300423]]
[0 8][0 1][[0 8]][[2.8404226 2.6005929]]
[0 8][1 0][[1 8]][[2.8316054 2.5367744]]
[1 0][ 0 -1][[1 0]][[0.43985718 0.4088832 ]]
[1 0][-1  0][[0 0]][[0.3152027  0.24873741]]
[1 0][0 1][[1 1]][[0.49479157 0.45966882]]
[1 0][1 0][[2 0]][[0.47891217 0.43580645]]
[1 1][ 0 -1][[1 0]][[0.56281674 0.5366413 ]]
[1 1][-1  0][[0 1]][[0.5020961  0.44062436]]
[1 1][0 1][[1 2]][[0.72349197 0.6757677 ]]
[1 1][1 0][[2 1]][[0.6718285 0.6009982]]
[1 2][ 0 -1][[1 1]][[0.8220784  0.78617245]]
[1 2][-1  0][[0 2]][[0.7750449  0.70561045]]
[1 2][0 1][[1 3]][[0.97629315 0.90928215]]
[1 2][1 0][[2 2]][[0.94236475 0.8463874 ]]
[1 3][ 0 -1][[1 2]][[1.1392995 1.0737598]]
[1 3][-1  0][[0 3]][[1.0948169 0.9985544]]
[1 3][0 1][[1 4]][[1.2747443 1.1839038]]
[1 3][1 0][[2 3]][[1.243507  1.1141778]]
[1 4][ 0 -1][[1 3]][[1.4620329 1.3665528]]
[1 4][-1  0][[1 4]][[1.419165  1.2961737]]
[1 4][0 1][[1 5]][[1.5966656 1.4860729]]
[1 4][1 0][[1 4]][[1.5678837 1.4116592]]
[1 5][ 0 -1][[1 4]][[1.7920376 1.674563 ]]
[1 5][-1  0][[0 5]][[1.7572987 1.5965492]]
[1 5][0 1][[1 6]][[1.9345406 1.7982769]]
[1 5][1 0][[2 5]][[1.9077562 1.7194715]]
[1 6][ 0 -1][[1 5]][[2.1230044 1.985078 ]]
[1 6][-1  0][[0 6]][[2.1028457 1.904862 ]]
[1 6][0 1][[1 7]][[2.278826  2.1129997]]
[1 6][1 0][[2 6]][[2.2432349 2.0251904]]
[1 7][ 0 -1][[1 6]][[2.4488719 2.293233 ]]
[1 7][-1  0][[0 7]][[2.4500268 2.215616 ]]
[1 7][0 1][[1 8]][[2.6158612 2.4227867]]
[1 7][1 0][[2 7]][[2.586073  2.3297703]]
[1 8][ 0 -1][[1 7]][[2.7807927 2.6048539]]
[1 8][-1  0][[0 8]][[2.7977705 2.526743 ]]
[1 8][0 1][[1 8]][[2.9578469 2.7243702]]
[1 8][1 0][[2 8]][[2.9322917 2.6359627]]
[2 0][ 0 -1][[2 0]][[0.6711274  0.60406286]]
[2 0][-1  0][[1 0]][[0.5246443  0.43869448]]
[2 0][0 1][[2 1]][[0.74059004 0.6844605 ]]
[2 0][1 0][[3 0]][[0.7227054 0.6509666]]
[2 1][ 0 -1][[2 0]][[0.7767507 0.7040441]]
[2 1][-1  0][[1 1]][[0.6974683 0.6081384]]
[2 1][0 1][[2 2]][[0.9194066 0.8518269]]
[2 1][1 0][[3 1]][[0.88706875 0.7993957 ]]
[2 2][ 0 -1][[2 1]][[0.9965835 0.9272137]]
[2 2][-1  0][[1 2]][[0.9467998  0.86064917]]
[2 2][0 1][[2 3]][[1.1601169 1.0767856]]
[2 2][1 0][[3 2]][[1.1092441 0.9961446]]
[2 3][ 0 -1][[2 2]][[1.2762805 1.1988215]]
[2 3][-1  0][[1 3]][[1.2469106 1.154162 ]]
[2 3][0 1][[2 3]][[1.420366  1.3227845]]
[2 3][1 0][[3 3]][[1.3907174 1.2508029]]
[2 5][ 0 -1][[2 5]][[1.9230872 1.7911903]]
[2 5][-1  0][[1 5]][[1.8915948 1.7358874]]
[2 5][0 1][[2 6]][[2.061378 1.921878]]
[2 5][1 0][[3 5]][[2.0289905 1.8405704]]
[2 6][ 0 -1][[2 5]][[2.2524812 2.097987 ]]
[2 6][-1  0][[1 6]][[2.2220666 2.0211148]]
[2 6][0 1][[2 7]][[2.3893375 2.228268 ]]
[2 6][1 0][[3 6]][[2.3676314 2.1408193]]
[2 7][ 0 -1][[2 6]][[2.5823543 2.4052527]]
[2 7][-1  0][[1 7]][[2.5594347 2.3232622]]
[2 7][0 1][[2 8]][[2.723367  2.5327992]]
[2 7][1 0][[3 7]][[2.7080023 2.44432  ]]
[2 8][ 0 -1][[2 7]][[2.9146614 2.7148974]]
[2 8][-1  0][[1 8]][[2.9052875 2.6306512]]
[2 8][0 1][[2 8]][[3.0669332 2.843753 ]]
[2 8][1 0][[3 8]][[3.0459793 2.7494855]]
[3 0][ 0 -1][[3 0]][[0.9275964 0.8327345]]
[3 0][-1  0][[2 0]][[0.7807069  0.68673337]]
[3 0][0 1][[3 1]][[0.997634   0.92634207]]
[3 0][1 0][[3 0]][[0.9699283 0.8736591]]
[3 1][ 0 -1][[3 0]][[1.0280358 0.9193513]]
[3 1][-1  0][[2 1]][[0.9243377 0.81908  ]]
[3 1][0 1][[3 2]][[1.1683083 1.0884838]]
[3 1][1 0][[4 1]][[1.1327811 1.0258069]]
[3 2][ 0 -1][[3 1]][[1.2075821 1.1049428]]
[3 2][-1  0][[2 2]][[1.1484377 1.0401474]]
[3 2][0 1][[3 3]][[1.3672367 1.2740622]]
[3 2][1 0][[3 2]][[1.3268659 1.2068993]]
[3 3][ 0 -1][[3 2]][[1.4635074 1.3692688]]
[3 3][-1  0][[2 3]][[1.4186714 1.3052161]]
[3 3][0 1][[3 3]][[1.6063032 1.4914837]]
[3 3][1 0][[3 3]][[1.5737727 1.4304755]]
[3 5][ 0 -1][[3 5]][[2.0626128 1.9217559]]
[3 5][-1  0][[2 5]][[2.0401459 1.8916463]]
[3 5][0 1][[3 6]][[2.1990852 2.0501082]]
[3 5][1 0][[3 5]][[2.1739192 1.9764589]]
[3 6][ 0 -1][[3 5]][[2.3834724 2.215802 ]]
[3 6][-1  0][[2 6]][[2.3654559 2.1853006]]
[3 6][0 1][[3 7]][[2.5270445 2.3564978]]
[3 6][1 0][[4 6]][[2.4962363 2.276136 ]]
[3 7][ 0 -1][[3 6]][[2.712051  2.5225673]]
[3 7][-1  0][[2 7]][[2.6972888 2.4651515]]
[3 7][0 1][[3 8]][[2.8550036 2.662887 ]]
[3 7][1 0][[3 7]][[2.8316836 2.5752687]]
[3 8][ 0 -1][[3 7]][[3.0406296 2.8293333]]
[3 8][-1  0][[2 8]][[3.029298  2.7529569]]
[3 8][0 1][[3 8]][[3.1829631 2.9692774]]
[3 8][1 0][[3 8]][[3.1688027 2.8726559]]
[4 1][ 0 -1][[4 1]][[1.3071672 1.1790317]]
[4 1][-1  0][[3 1]][[1.1863059 1.0635736]]
[4 1][0 1][[4 1]][[1.42607   1.3305174]]
[4 1][1 0][[5 1]][[1.3892921 1.2678986]]
[4 6][ 0 -1][[4 6]][[2.5314386 2.3599312]]
[4 6][-1  0][[3 6]][[2.511502  2.3311808]]
[4 6][0 1][[4 6]][[2.6649244 2.48499  ]]
[4 6][1 0][[5 6]][[2.640837  2.4103937]]
[5 0][ 0 -1][[5 0]][[1.4756076 1.3386581]]
[5 0][-1  0][[5 0]][[1.3444068 1.21025  ]]
[5 0][0 1][[5 1]][[1.5463867 1.4404541]]
[5 0][1 0][[6 0]][[1.5111367 1.3824165]]
[5 1][ 0 -1][[5 0]][[1.592173  1.4452574]]
[5 1][-1  0][[4 1]][[1.462389  1.3215643]]
[5 1][0 1][[5 2]][[1.6936958 1.5829006]]
[5 1][1 0][[6 1]][[1.6480547 1.5126215]]
[5 2][ 0 -1][[5 1]][[1.7208549 1.5624632]]
[5 2][-1  0][[5 2]][[1.6248122 1.4816439]]
[5 2][0 1][[5 3]][[1.8728796 1.753065 ]]
[5 2][1 0][[6 2]][[1.8237265 1.6714256]]
[5 3][ 0 -1][[5 2]][[1.9161271 1.7579921]]
[5 3][-1  0][[5 3]][[1.8306676 1.6843625]]
[5 3][0 1][[5 3]][[2.0701125 1.9413961]]
[5 3][1 0][[6 3]][[2.0343428 1.8702942]]
[5 5][ 0 -1][[5 5]][[2.398662  2.2540038]]
[5 5][-1  0][[5 5]][[2.3647828 2.197421 ]]
[5 5][0 1][[5 6]][[2.5162585 2.345558 ]]
[5 5][1 0][[6 5]][[2.5232227 2.322098 ]]
[5 6][ 0 -1][[5 5]][[2.6921513 2.5176523]]
[5 6][-1  0][[4 6]][[2.6684642 2.4818494]]
[5 6][0 1][[5 7]][[2.8111362 2.626073 ]]
[5 6][1 0][[6 6]][[2.8049657 2.5728052]]
[5 7][ 0 -1][[5 6]][[3.0002913 2.7982035]]
[5 7][-1  0][[5 7]][[2.9828582 2.7707148]]
[5 7][0 1][[5 8]][[3.1335666 2.9241078]]
[5 7][1 0][[6 7]][[3.1104548 2.8478405]]
[5 8][ 0 -1][[5 7]][[3.3185813 3.0909467]]
[5 8][-1  0][[5 8]][[3.3047376 3.068665 ]]
[5 8][0 1][[5 8]][[3.4583762 3.225737 ]]
[5 8][1 0][[6 8]][[3.431905  3.1460416]]
[6 0][ 0 -1][[6 0]][[1.7583445 1.6006677]]
[6 0][-1  0][[5 0]][[1.6296715 1.4743038]]
[6 0][0 1][[6 1]][[1.8326248 1.7038043]]
[6 0][1 0][[7 0]][[1.7955905 1.6463947]]
[6 1][ 0 -1][[6 0]][[1.8771783 1.7114834]]
[6 1][-1  0][[5 1]][[1.747914  1.5875092]]
[6 1][0 1][[6 2]][[1.967064  1.8393046]]
[6 1][1 0][[7 1]][[1.9211894 1.7706859]]
[6 2][ 0 -1][[6 1]][[2.0017262 1.8225513]]
[6 2][-1  0][[5 2]][[1.8882021 1.7223923]]
[6 2][0 1][[6 3]][[2.129742  1.9941331]]
[6 2][1 0][[7 2]][[2.077259  1.9121093]]
[6 3][ 0 -1][[6 2]][[2.167074  1.9826463]]
[6 3][-1  0][[5 3]][[2.0761795 1.9100386]]
[6 3][0 1][[6 4]][[2.3255973 2.1806023]]
[6 3][1 0][[7 3]][[2.2842598 2.1026754]]
[6 4][ 0 -1][[6 3]][[2.391211  2.2102556]]
[6 4][-1  0][[6 4]][[2.3039217 2.1373093]]
[6 4][0 1][[6 5]][[2.5194116 2.3627927]]
[6 4][1 0][[6 4]][[2.4951377 2.304796 ]]
[6 5][ 0 -1][[6 4]][[2.6203635 2.4451861]]
[6 5][-1  0][[5 5]][[2.5626256 2.3830693]]
[6 5][0 1][[6 6]][[2.728365  2.5521088]]
[6 5][1 0][[7 5]][[2.7244582 2.5278277]]
[6 6][ 0 -1][[6 5]][[2.865434  2.6926794]]
[6 6][-1  0][[5 6]][[2.8371668 2.6446373]]
[6 6][0 1][[6 7]][[2.9866102 2.7926466]]
[6 6][1 0][[7 6]][[2.9995492 2.7697787]]
[6 7][ 0 -1][[6 6]][[3.1643627 2.9589825]]
[6 7][-1  0][[5 7]][[3.1454456 2.9282098]]
[6 7][0 1][[6 8]][[3.280278 3.065585]]
[6 7][1 0][[7 7]][[3.2800362 3.0187716]]
[6 8][ 0 -1][[6 7]][[3.4707315 3.2367198]]
[6 8][-1  0][[5 8]][[3.4546132 3.2107325]]
[6 8][0 1][[6 8]][[3.6022096 3.3632243]]
[6 8][1 0][[7 8]][[3.5809426 3.2864137]]
[7 0][ 0 -1][[7 0]][[2.0449858 1.8663429]]
[7 0][-1  0][[6 0]][[1.9169401 1.7393525]]
[7 0][0 1][[7 1]][[2.1188629 1.9671541]]
[7 0][1 0][[8 0]][[2.0800447 1.9103731]]
[7 1][ 0 -1][[7 0]][[2.16402   1.9778372]]
[7 1][-1  0][[6 1]][[2.0338984 1.8535985]]
[7 1][0 1][[7 2]][[2.2483835 2.0971007]]
[7 1][1 0][[8 1]][[2.201167  2.0313718]]
[7 2][ 0 -1][[7 1]][[2.2867317 2.0887775]]
[7 2][-1  0][[6 2]][[2.1604366 1.9716572]]
[7 2][0 1][[7 3]][[2.3957841 2.2454128]]
[7 2][1 0][[8 2]][[2.3397312 2.1599855]]
[7 3][ 0 -1][[7 2]][[2.437544  2.2319431]]
[7 3][-1  0][[6 3]][[2.3379984 2.1508029]]
[7 3][0 1][[7 3]][[2.5836322 2.42157  ]]
[7 3][1 0][[8 3]][[2.532969  2.3350093]]
[7 5][ 0 -1][[7 5]][[2.866295  2.6625185]]
[7 5][-1  0][[6 5]][[2.7776515 2.5886981]]
[7 5][0 1][[7 6]][[2.97052   2.7860615]]
[7 5][1 0][[8 5]][[2.9657671 2.7522793]]
[7 6][ 0 -1][[7 5]][[3.0921502 2.89703  ]]
[7 6][-1  0][[6 6]][[3.03675   2.8324394]]
[7 6][0 1][[7 7]][[3.19426   2.9955952]]
[7 6][1 0][[8 6]][[3.2002509 2.973238 ]]
[7 7][ 0 -1][[7 6]][[3.3374825 3.1349738]]
[7 7][-1  0][[6 7]][[3.309551  3.0918536]]
[7 7][0 1][[7 8]][[3.456944  3.2398078]]
[7 7][1 0][[8 7]][[3.4758751 3.217459 ]]
[7 8][ 0 -1][[7 7]][[3.636097  3.4011033]]
[7 8][-1  0][[6 8]][[3.6224258 3.3745701]]
[7 8][0 1][[7 8]][[3.7530107 3.5093818]]
[7 8][1 0][[8 8]][[3.757302  3.4675941]]
[8 0][ 0 -1][[8 0]][[2.3322592 2.13282  ]]
[8 0][-1  0][[7 0]][[2.2042086 2.0044012]]
[8 0][0 1][[8 1]][[2.4051006 2.2305045]]
[8 0][1 0][[8 0]][[2.3660924 2.1751432]]
[8 1][ 0 -1][[8 0]][[2.4511163 2.244209 ]]
[8 1][-1  0][[7 1]][[2.3208752 2.1200051]]
[8 1][0 1][[8 2]][[2.5292857 2.353102 ]]
[8 1][1 0][[8 1]][[2.483988  2.2939136]]
[8 2][ 0 -1][[8 1]][[2.572086  2.3550274]]
[8 2][-1  0][[7 2]][[2.4424825 2.23382  ]]
[8 2][0 1][[8 3]][[2.675718  2.5028956]]
[8 2][1 0][[8 2]][[2.6199255 2.421413 ]]
[8 3][ 0 -1][[8 2]][[2.7125468 2.486692 ]]
[8 3][-1  0][[7 3]][[2.6070611 2.3948584]]
[8 3][0 1][[8 3]][[2.8413563 2.66314  ]]
[8 3][1 0][[8 3]][[2.7853549 2.5719295]]
[8 5][ 0 -1][[8 5]][[3.113024  2.8813944]]
[8 5][-1  0][[7 5]][[3.0144012 2.8067367]]
[8 5][0 1][[8 6]][[3.227357  3.0328918]]
[8 5][1 0][[8 5]][[3.2102742 2.9775193]]
[8 6][ 0 -1][[8 5]][[3.339694  3.1147177]]
[8 6][-1  0][[7 6]][[3.2513428 3.0373452]]
[8 6][0 1][[8 7]][[3.4315867 3.2224739]]
[8 6][1 0][[8 6]][[3.4386353 3.2027156]]
[8 7][ 0 -1][[8 6]][[3.561952  3.3429096]]
[8 7][-1  0][[7 7]][[3.5113788 3.28235  ]]
[8 7][0 1][[8 8]][[3.664362 3.441564]]
[8 7][1 0][[8 7]][[3.6778636 3.4224968]]
[8 8][ 0 -1][[8 7]][[3.8103652 3.5782418]]
[8 8][-1  0][[7 8]][[3.7856803 3.5404842]]
[8 8][0 1][[8 8]][[3.9272785 3.686969 ]]
[8 8][1 0][[8 8]][[3.9525437 3.6655068]]
[0 0][ 0 -1][[0 0]][[-0.01543856  0.04937098]]
[0 0][-1  0][[0 0]][[-0.02523688  0.0745931 ]]
[0 0][0 1][[0 1]][[-0.00997417  0.05118467]]
[0 0][1 0][[1 0]][[0.0269907  0.03574375]]
[0 1][ 0 -1][[0 0]][[-0.02114401  0.06475821]]
[0 1][-1  0][[0 1]][[-0.03128145  0.08816724]]
[0 1][0 1][[0 2]][[-0.00789127  0.0644131 ]]
[0 1][1 0][[1 1]][[0.03072844 0.05319921]]
[0 2][ 0 -1][[0 1]][[-0.0275525  0.0954816]]
[0 2][-1  0][[0 2]][[-0.04366982  0.1221275 ]]
[0 2][0 1][[0 3]][[-0.01649692  0.07875499]]
[0 2][1 0][[1 2]][[0.02055816 0.07514496]]
[0 3][ 0 -1][[0 2]][[-0.03117173  0.11973053]]
[0 3][-1  0][[0 3]][[-0.05324658  0.15353154]]
[0 3][0 1][[0 3]][[-0.0452716  0.0927114]]
[0 3][1 0][[1 3]][[-0.00549794  0.1081591 ]]
[0 5][ 0 -1][[0 5]][[-0.05381465  0.1665432 ]]
[0 5][-1  0][[0 5]][[-0.07683667  0.21880172]]
[0 5][0 1][[0 6]][[-0.05967839  0.1452435 ]]
[0 5][1 0][[1 5]][[-0.04061104  0.17256603]]
[0 6][ 0 -1][[0 5]][[-0.06906616  0.19275664]]
[0 6][-1  0][[0 6]][[-0.08269654  0.25124294]]
[0 6][0 1][[0 7]][[-0.07041277  0.16829334]]
[0 6][1 0][[1 6]][[-0.04895523  0.2023782 ]]
[0 7][ 0 -1][[0 6]][[-0.08320218  0.21958709]]
[0 7][-1  0][[0 7]][[-0.08825043  0.28448287]]
[0 7][0 1][[0 8]][[-0.08271445  0.1947911 ]]
[0 7][1 0][[1 7]][[-0.05628291  0.22766224]]
[0 8][ 0 -1][[0 7]][[-0.09733806  0.24641743]]
[0 8][-1  0][[0 8]][[-0.09861754  0.320679  ]]
[0 8][0 1][[0 8]][[-0.09492867  0.22304106]]
[0 8][1 0][[1 8]][[-0.06382717  0.25136968]]
[1 0][ 0 -1][[1 0]][[0.00394978 0.04478502]]
[1 0][-1  0][[0 0]][[0.03027958 0.10271049]]
[1 0][0 1][[1 1]][[0.03624172 0.06539986]]
[1 0][1 0][[2 0]][[0.04365084 0.01743044]]
[1 1][ 0 -1][[1 0]][[0.01323065 0.10342475]]
[1 1][-1  0][[0 1]][[0.03381572 0.12038249]]
[1 1][0 1][[1 2]][[0.06120525 0.07787477]]
[1 1][1 0][[2 1]][[0.06731169 0.05461139]]
[1 2][ 0 -1][[1 1]][[0.0230836  0.13773492]]
[1 2][-1  0][[0 2]][[0.02824135 0.1475284 ]]
[1 2][0 1][[1 3]][[0.05370587 0.10474894]]
[1 2][1 0][[2 2]][[0.07676004 0.08503129]]
[1 3][ 0 -1][[1 2]][[0.00530519 0.15452477]]
[1 3][-1  0][[0 3]][[0.01511008 0.16663902]]
[1 3][0 1][[1 4]][[0.02090035 0.11954018]]
[1 3][1 0][[2 3]][[0.05771391 0.10630417]]
[1 4][ 0 -1][[1 3]][[-0.00256779  0.16277285]]
[1 4][-1  0][[1 4]][[-0.00406042  0.19764994]]
[1 4][0 1][[1 5]][[0.00600098 0.14240786]]
[1 4][1 0][[1 4]][[0.03813083 0.13581848]]
[1 5][ 0 -1][[1 4]][[-0.00726869  0.17962442]]
[1 5][-1  0][[0 5]][[-0.02146865  0.23396069]]
[1 5][0 1][[1 6]][[-0.00684011  0.1640418 ]]
[1 5][1 0][[2 5]][[0.0219065  0.17140089]]
[1 6][ 0 -1][[1 5]][[-0.01696844  0.20204729]]
[1 6][-1  0][[0 6]][[-0.03842753  0.27012128]]
[1 6][0 1][[1 7]][[-0.01420944  0.17875017]]
[1 6][1 0][[2 6]][[0.00489391 0.19787142]]
[1 7][ 0 -1][[1 6]][[-0.03197163  0.2293624 ]]
[1 7][-1  0][[0 7]][[-0.05022763  0.3056927 ]]
[1 7][0 1][[1 8]][[-0.02618142  0.19479685]]
[1 7][1 0][[2 7]][[-0.00540877  0.22315   ]]
[1 8][ 0 -1][[1 7]][[-0.04697482  0.25667748]]
[1 8][-1  0][[0 8]][[-0.06347471  0.33937904]]
[1 8][0 1][[1 8]][[-0.04297853  0.21803097]]
[1 8][1 0][[2 8]][[-0.01954722  0.25155136]]
[2 0][ 0 -1][[2 0]][[0.07034361 0.07881904]]
[2 0][-1  0][[1 0]][[0.1236589  0.15158962]]
[2 0][0 1][[2 1]][[0.1234259 0.0839214]]
[2 0][1 0][[3 0]][[0.10502861 0.04439422]]
[2 1][ 0 -1][[2 0]][[0.07726195 0.12978022]]
[2 1][-1  0][[1 1]][[0.12249632 0.15921962]]
[2 1][0 1][[2 2]][[0.14146793 0.10406969]]
[2 1][1 0][[3 1]][[0.12839384 0.09523766]]
[2 2][ 0 -1][[2 1]][[0.06625511 0.15988763]]
[2 2][-1  0][[1 2]][[0.09284537 0.17066458]]
[2 2][0 1][[2 3]][[0.13918369 0.13265741]]
[2 2][1 0][[3 2]][[0.14484102 0.10477931]]
[2 3][ 0 -1][[2 2]][[0.06657816 0.18103956]]
[2 3][-1  0][[1 3]][[0.08818027 0.20450437]]
[2 3][0 1][[2 3]][[0.11621544 0.1548582 ]]
[2 3][1 0][[3 3]][[0.14315446 0.129071  ]]
[2 5][ 0 -1][[2 5]][[0.03071909 0.19482432]]
[2 5][-1  0][[1 5]][[0.05174601 0.2396145 ]]
[2 5][0 1][[2 6]][[0.05910408 0.17822023]]
[2 5][1 0][[3 5]][[0.10106345 0.15646319]]
[2 6][ 0 -1][[2 5]][[0.01968411 0.21062218]]
[2 6][-1  0][[1 6]][[0.0326129 0.2737155]]
[2 6][0 1][[2 7]][[0.04405404 0.19799498]]
[2 6][1 0][[3 6]][[0.08344167 0.17670137]]
[2 7][ 0 -1][[2 6]][[0.01057982 0.23420675]]
[2 7][-1  0][[1 7]][[0.0139207 0.309005 ]]
[2 7][0 1][[2 8]][[0.03095944 0.2195961 ]]
[2 7][1 0][[3 7]][[0.06360142 0.21021448]]
[2 8][ 0 -1][[2 7]][[0.0014856 0.2561672]]
[2 8][-1  0][[1 8]][[-0.00532222  0.33741447]]
[2 8][0 1][[2 8]][[0.01779926 0.23833092]]
[2 8][1 0][[3 8]][[0.03886279 0.2501    ]]
[3 0][ 0 -1][[3 0]][[0.14975715 0.1255119 ]]
[3 0][-1  0][[2 0]][[0.20340356 0.18523471]]
[3 0][0 1][[3 1]][[0.21091622 0.10659204]]
[3 0][1 0][[3 0]][[0.19103302 0.0847265 ]]
[3 1][ 0 -1][[3 0]][[0.15034588 0.15246594]]
[3 1][-1  0][[2 1]][[0.2030474  0.20233147]]
[3 1][0 1][[3 2]][[0.21373019 0.1295821 ]]
[3 1][1 0][[4 1]][[0.20004113 0.12903273]]
[3 2][ 0 -1][[3 1]][[0.14028887 0.18701021]]
[3 2][-1  0][[2 2]][[0.18648471 0.20814605]]
[3 2][0 1][[3 3]][[0.21170777 0.16527797]]
[3 2][1 0][[3 2]][[0.20915449 0.14361463]]
[3 3][ 0 -1][[3 2]][[0.12662123 0.21430779]]
[3 3][-1  0][[2 3]][[0.16552198 0.22113968]]
[3 3][0 1][[3 3]][[0.20473903 0.18988419]]
[3 3][1 0][[3 3]][[0.21487832 0.15065873]]
[3 5][ 0 -1][[3 5]][[0.09389055 0.22469768]]
[3 5][-1  0][[2 5]][[0.1334851  0.27467117]]
[3 5][0 1][[3 6]][[0.14458266 0.20583667]]
[3 5][1 0][[3 5]][[0.18793935 0.18244071]]
[3 6][ 0 -1][[3 5]][[0.07283316 0.23255856]]
[3 6][-1  0][[2 6]][[0.10438395 0.29317915]]
[3 6][0 1][[3 7]][[0.11936721 0.21717265]]
[3 6][1 0][[4 6]][[0.16526431 0.19044499]]
[3 7][ 0 -1][[3 6]][[0.05106904 0.2435457 ]]
[3 7][-1  0][[2 7]][[0.08287528 0.3123542 ]]
[3 7][0 1][[3 8]][[0.10129979 0.23579322]]
[3 7][1 0][[3 7]][[0.14391619 0.19851924]]
[3 8][ 0 -1][[3 7]][[0.04140615 0.26165545]]
[3 8][-1  0][[2 8]][[0.06333607 0.3375109 ]]
[3 8][0 1][[3 8]][[0.08133316 0.25444257]]
[3 8][1 0][[3 8]][[0.12438014 0.21954645]]
[4 1][ 0 -1][[4 1]][[0.22303084 0.18358423]]
[4 1][-1  0][[3 1]][[0.2726308  0.23243769]]
[4 1][0 1][[4 1]][[0.28800088 0.15304488]]
[4 1][1 0][[5 1]][[0.26993796 0.15022914]]
[4 6][ 0 -1][[4 6]][[0.148973   0.27531287]]
[4 6][-1  0][[3 6]][[0.20000952 0.3260533 ]]
[4 6][0 1][[4 6]][[0.2118783  0.25319532]]
[4 6][1 0][[5 6]][[0.25672835 0.22066163]]
[5 0][ 0 -1][[5 0]][[0.2907134  0.19629626]]
[5 0][-1  0][[5 0]][[0.34301597 0.2495449 ]]
[5 0][0 1][[5 1]][[0.36595717 0.1648181 ]]
[5 0][1 0][[6 0]][[0.34138447 0.14655991]]
[5 1][ 0 -1][[5 0]][[0.2910649  0.22010066]]
[5 1][-1  0][[4 1]][[0.34100324 0.2627316 ]]
[5 1][0 1][[5 2]][[0.35915124 0.18858956]]
[5 1][1 0][[6 1]][[0.3407101  0.17360625]]
[5 2][ 0 -1][[5 1]][[0.28167787 0.224423  ]]
[5 2][-1  0][[5 2]][[0.3421956  0.27294305]]
[5 2][0 1][[5 3]][[0.35718983 0.20429938]]
[5 2][1 0][[6 2]][[0.3453747 0.205665 ]]
[5 3][ 0 -1][[5 2]][[0.28013018 0.24926321]]
[5 3][-1  0][[5 3]][[0.3305124  0.28255877]]
[5 3][0 1][[5 3]][[0.35625768 0.236024  ]]
[5 3][1 0][[6 3]][[0.34523728 0.23040015]]
[5 5][ 0 -1][[5 5]][[0.2547773  0.31006694]]
[5 5][-1  0][[5 5]][[0.30443   0.3368373]]
[5 5][0 1][[5 6]][[0.33355454 0.2966182 ]]
[5 5][1 0][[6 5]][[0.3528099  0.25531423]]
[5 6][ 0 -1][[5 5]][[0.23686466 0.3241454 ]]
[5 6][-1  0][[4 6]][[0.29601988 0.36441216]]
[5 6][0 1][[5 7]][[0.30972487 0.3074548 ]]
[5 6][1 0][[6 6]][[0.34649196 0.26503882]]
[5 7][ 0 -1][[5 6]][[0.20607525 0.3262926 ]]
[5 7][-1  0][[5 7]][[0.2670479  0.37754348]]
[5 7][0 1][[5 8]][[0.2786956  0.30150905]]
[5 7][1 0][[6 7]][[0.32505006 0.2591286 ]]
[5 8][ 0 -1][[5 7]][[0.18476835 0.32652676]]
[5 8][-1  0][[5 8]][[0.23457694 0.3896461 ]]
[5 8][0 1][[5 8]][[0.2447426 0.29931  ]]
[5 8][1 0][[6 8]][[0.3004492 0.2627044]]
[6 0][ 0 -1][[6 0]][[0.35819805 0.23051476]]
[6 0][-1  0][[5 0]][[0.40946588 0.28118187]]
[6 0][0 1][[6 1]][[0.43346986 0.20285214]]
[6 0][1 0][[7 0]][[0.4096093  0.18127249]]
[6 1][ 0 -1][[6 0]][[0.3579812  0.25331593]]
[6 1][-1  0][[5 1]][[0.40773535 0.29442522]]
[6 1][0 1][[6 2]][[0.42906684 0.23046935]]
[6 1][1 0][[7 1]][[0.40751362 0.20063318]]
[6 2][ 0 -1][[6 1]][[0.35015246 0.2573495 ]]
[6 2][-1  0][[5 2]][[0.4124855  0.30388376]]
[6 2][0 1][[6 3]][[0.42806196 0.23504001]]
[6 2][1 0][[7 2]][[0.41090414 0.22698997]]
[6 3][ 0 -1][[6 2]][[0.34426677 0.27031055]]
[6 3][-1  0][[5 3]][[0.40531096 0.31328455]]
[6 3][0 1][[6 4]][[0.4284572  0.25194624]]
[6 3][1 0][[7 3]][[0.4127499  0.25436822]]
[6 4][ 0 -1][[6 3]][[0.34327528 0.29622358]]
[6 4][-1  0][[6 4]][[0.39385056 0.33036992]]
[6 4][0 1][[6 5]][[0.42033738 0.28121072]]
[6 4][1 0][[6 4]][[0.41190127 0.2784818 ]]
[6 5][ 0 -1][[6 4]][[0.3297322  0.33796093]]
[6 5][-1  0][[5 5]][[0.37974995 0.3588369 ]]
[6 5][0 1][[6 6]][[0.41586223 0.32283476]]
[6 5][1 0][[7 5]][[0.41896993 0.2917842 ]]
[6 6][ 0 -1][[6 5]][[0.32395816 0.3570315 ]]
[6 6][-1  0][[5 6]][[0.37269267 0.39103234]]
[6 6][0 1][[6 7]][[0.4012447 0.3458185]]
[6 6][1 0][[7 6]][[0.42327914 0.30917954]]
[6 7][ 0 -1][[6 6]][[0.30192912 0.37333295]]
[6 7][-1  0][[5 7]][[0.36180514 0.41690883]]
[6 7][0 1][[6 8]][[0.37490118 0.35589242]]
[6 7][1 0][[7 7]][[0.41140312 0.308683  ]]
[6 8][ 0 -1][[6 7]][[0.26504707 0.37512577]]
[6 8][-1  0][[5 8]][[0.33258435 0.42751977]]
[6 8][0 1][[6 8]][[0.34335536 0.35148454]]
[6 8][1 0][[7 8]][[0.3908248  0.30121207]]
[7 0][ 0 -1][[7 0]][[0.4250572  0.26530036]]
[7 0][-1  0][[6 0]][[0.4761725 0.3134238]]
[7 0][0 1][[7 1]][[0.5015354  0.24051717]]
[7 0][1 0][[8 0]][[0.47789472 0.21658804]]
[7 1][ 0 -1][[7 0]][[0.42466545 0.28585806]]
[7 1][-1  0][[6 1]][[0.47441673 0.32611707]]
[7 1][0 1][[7 2]][[0.4978494  0.26612884]]
[7 1][1 0][[8 1]][[0.47532147 0.23254454]]
[7 2][ 0 -1][[7 1]][[0.42050585 0.29509982]]
[7 2][-1  0][[6 2]][[0.48121542 0.33996525]]
[7 2][0 1][[7 3]][[0.4977635  0.26927686]]
[7 2][1 0][[8 2]][[0.4790737  0.25142437]]
[7 3][ 0 -1][[7 2]][[0.40864974 0.298278  ]]
[7 3][-1  0][[6 3]][[0.47707504 0.34468105]]
[7 3][0 1][[7 3]][[0.4981689  0.27933124]]
[7 3][1 0][[8 3]][[0.48277593 0.28150457]]
[7 5][ 0 -1][[7 5]][[0.40471148 0.3453326 ]]
[7 5][-1  0][[6 5]][[0.45718777 0.37904897]]
[7 5][0 1][[7 6]][[0.49015695 0.33444604]]
[7 5][1 0][[8 5]][[0.48106128 0.32678306]]
[7 6][ 0 -1][[7 5]][[0.39202464 0.38359946]]
[7 6][-1  0][[6 6]][[0.4479137 0.4121133]]
[7 6][0 1][[7 7]][[0.4834757  0.37240422]]
[7 6][1 0][[8 6]][[0.4891094  0.34522372]]
[7 7][ 0 -1][[7 6]][[0.3903258  0.40702796]]
[7 7][-1  0][[6 7]][[0.44095534 0.44522747]]
[7 7][0 1][[7 8]][[0.46893495 0.39501897]]
[7 7][1 0][[8 7]][[0.4933018  0.35979608]]
[7 8][ 0 -1][[7 7]][[0.36699367 0.42252052]]
[7 8][-1  0][[6 8]][[0.42865348 0.46973985]]
[7 8][0 1][[7 8]][[0.44122955 0.40360385]]
[7 8][1 0][[8 8]][[0.47631395 0.35232702]]
[8 0][ 0 -1][[8 0]][[0.49191624 0.300086  ]]
[8 0][-1  0][[7 0]][[0.5431981  0.34641722]]
[8 0][0 1][[8 1]][[0.56882113 0.2773715 ]]
[8 0][1 0][[8 0]][[0.5450823  0.25165766]]
[8 1][ 0 -1][[8 0]][[0.49134958 0.31840023]]
[8 1][-1  0][[7 1]][[0.54109824 0.3578088 ]]
[8 1][0 1][[8 2]][[0.56597817 0.29920217]]
[8 1][1 0][[8 1]][[0.5426777  0.26415113]]
[8 2][ 0 -1][[8 1]][[0.49043906 0.3323063 ]]
[8 2][-1  0][[7 2]][[0.5484683 0.3732059]]
[8 2][0 1][[8 3]][[0.5669487  0.30659208]]
[8 2][1 0][[8 2]][[0.5469083 0.2817154]]
[8 3][ 0 -1][[8 2]][[0.47696573 0.33093545]]
[8 3][-1  0][[7 3]][[0.54875225 0.379271  ]]
[8 3][0 1][[8 3]][[0.56813675 0.31159428]]
[8 3][1 0][[8 3]][[0.55187637 0.3056288 ]]
[8 5][ 0 -1][[8 5]][[0.47045118 0.36467597]]
[8 5][-1  0][[7 5]][[0.53310907 0.4043312 ]]
[8 5][0 1][[8 6]][[0.55941397 0.34911388]]
[8 5][1 0][[8 5]][[0.5462445  0.35073718]]
[8 6][ 0 -1][[8 5]][[0.46613002 0.39446348]]
[8 6][-1  0][[7 6]][[0.5227738  0.43257803]]
[8 6][0 1][[8 7]][[0.5588228  0.38932136]]
[8 6][1 0][[8 6]][[0.5527664 0.3770109]]
[8 7][ 0 -1][[8 6]][[0.45970535 0.42942536]]
[8 7][-1  0][[7 7]][[0.5163198  0.46589503]]
[8 7][0 1][[8 8]][[0.55087256 0.42123535]]
[8 7][1 0][[8 7]][[0.5596154  0.39816967]]
[8 8][ 0 -1][[8 7]][[0.4557538 0.4564596]]
[8 8][-1  0][[7 8]][[0.5091132  0.49961567]]
[8 8][0 1][[8 8]][[0.5366254  0.44421947]]
[8 8][1 0][[8 8]][[0.5627571  0.40757436]]
[0 0][ 0 -1][[0 0]][[ 0.07984137 -0.01530272]]
[0 0][-1  0][[0 0]][[-0.00808688 -0.05476496]]
[0 0][0 1][[0 1]][[-0.0576094  -0.06521744]]
[0 0][1 0][[1 0]][[-0.05383234 -0.0156807 ]]
[0 1][ 0 -1][[0 0]][[ 0.11529464 -0.01281425]]
[0 1][-1  0][[0 1]][[ 0.03215712 -0.06417318]]
[0 1][0 1][[0 2]][[-0.04125139 -0.08650094]]
[0 1][1 0][[1 1]][[-0.02538671 -0.01370327]]
[0 2][ 0 -1][[0 1]][[0.17007533 0.03205691]]
[0 2][-1  0][[0 2]][[ 0.1047954  -0.03571147]]
[0 2][0 1][[0 3]][[ 0.01584439 -0.06324165]]
[0 2][1 0][[1 2]][[0.0350167  0.03118208]]
[0 3][ 0 -1][[0 2]][[0.22567412 0.07644351]]
[0 3][-1  0][[0 3]][[ 0.17074311 -0.00468742]]
[0 3][0 1][[0 3]][[ 0.07648795 -0.02930091]]
[0 3][1 0][[1 3]][[0.09184449 0.08191688]]
[0 5][ 0 -1][[0 5]][[0.33043632 0.16243485]]
[0 5][-1  0][[0 5]][[0.28350767 0.06961687]]
[0 5][0 1][[0 6]][[0.19556025 0.03992049]]
[0 5][1 0][[1 5]][[0.1913721  0.16061033]]
[0 6][ 0 -1][[0 5]][[0.37802675 0.20194907]]
[0 6][-1  0][[0 6]][[0.33750093 0.10258798]]
[0 6][0 1][[0 7]][[0.2502808  0.07764576]]
[0 6][1 0][[1 6]][[0.24028501 0.19962884]]
[0 7][ 0 -1][[0 6]][[0.42497915 0.24140774]]
[0 7][-1  0][[0 7]][[0.39149418 0.13555907]]
[0 7][0 1][[0 8]][[0.29789484 0.11836301]]
[0 7][1 0][[1 7]][[0.28919792 0.23864727]]
[0 8][ 0 -1][[0 7]][[0.4719315  0.28086632]]
[0 8][-1  0][[0 8]][[0.43852833 0.17297292]]
[0 8][0 1][[0 8]][[0.34550893 0.15908025]]
[0 8][1 0][[1 8]][[0.33811074 0.2776658 ]]
[1 0][ 0 -1][[1 0]][[0.10568487 0.02518879]]
[1 0][-1  0][[0 0]][[-0.0122291  -0.02702856]]
[1 0][0 1][[1 1]][[-0.05203719 -0.02417754]]
[1 0][1 0][[2 0]][[-0.01316066 -0.01752204]]
[1 1][ 0 -1][[1 0]][[0.1323803  0.02783567]]
[1 1][-1  0][[0 1]][[ 0.04101219 -0.04504661]]
[1 1][0 1][[1 2]][[-0.02940837 -0.03006367]]
[1 1][1 0][[2 1]][[ 0.00524054 -0.02371174]]
[1 2][ 0 -1][[1 1]][[0.1768615  0.05168231]]
[1 2][-1  0][[0 2]][[ 0.10464673 -0.03410181]]
[1 2][0 1][[1 3]][[ 0.01188797 -0.01412664]]
[1 2][1 0][[2 2]][[0.0483473  0.00527039]]
[1 3][ 0 -1][[1 2]][[0.2281535  0.09522562]]
[1 3][-1  0][[0 3]][[0.16185069 0.01113045]]
[1 3][0 1][[1 4]][[0.06938253 0.01318661]]
[1 3][1 0][[2 3]][[0.1065559  0.06857114]]
[1 4][ 0 -1][[1 3]][[0.28564093 0.14133832]]
[1 4][-1  0][[1 4]][[0.21889564 0.04382658]]
[1 4][0 1][[1 5]][[0.13286346 0.03172825]]
[1 4][1 0][[1 4]][[0.1674107  0.12916452]]
[1 5][ 0 -1][[1 4]][[0.34592375 0.18414076]]
[1 5][-1  0][[0 5]][[0.2726869  0.08077218]]
[1 5][0 1][[1 6]][[0.19757164 0.0668925 ]]
[1 5][1 0][[2 5]][[0.22404373 0.17710619]]
[1 6][ 0 -1][[1 5]][[0.4037275  0.22412543]]
[1 6][-1  0][[0 6]][[0.33051267 0.12370379]]
[1 6][0 1][[1 7]][[0.26124915 0.10271008]]
[1 6][1 0][[2 6]][[0.27679616 0.21401449]]
[1 7][ 0 -1][[1 6]][[0.4531422  0.26406282]]
[1 7][-1  0][[0 7]][[0.38714847 0.16397996]]
[1 7][0 1][[1 8]][[0.32162523 0.13775714]]
[1 7][1 0][[2 7]][[0.32737058 0.2543156 ]]
[1 8][ 0 -1][[1 7]][[0.49809274 0.30215663]]
[1 8][-1  0][[0 8]][[0.44180593 0.19739042]]
[1 8][0 1][[1 8]][[0.3803198  0.17355047]]
[1 8][1 0][[2 8]][[0.37794495 0.29461676]]
[2 0][ 0 -1][[2 0]][[0.17151627 0.07234529]]
[2 0][-1  0][[1 0]][[0.03203898 0.00248174]]
[2 0][0 1][[2 1]][[0.00608464 0.02663404]]
[2 0][1 0][[3 0]][[0.06393587 0.02934899]]
[2 1][ 0 -1][[2 0]][[0.17526644 0.07529621]]
[2 1][-1  0][[1 1]][[0.06649493 0.00300439]]
[2 1][0 1][[2 2]][[0.01698973 0.02437732]]
[2 1][1 0][[3 1]][[0.0661181  0.02172115]]
[2 2][ 0 -1][[2 1]][[0.20953622 0.09465875]]
[2 2][-1  0][[1 2]][[ 0.10859602 -0.0056058 ]]
[2 2][0 1][[2 3]][[0.05605526 0.04820338]]
[2 2][1 0][[3 2]][[0.09567965 0.0295369 ]]
[2 3][ 0 -1][[2 2]][[0.25944495 0.1308273 ]]
[2 3][-1  0][[1 3]][[0.1590564  0.01562353]]
[2 3][0 1][[2 3]][[0.09904537 0.06466621]]
[2 3][1 0][[3 3]][[0.14372975 0.05940606]]
[2 5][ 0 -1][[2 5]][[0.37456477 0.20356543]]
[2 5][-1  0][[1 5]][[0.2870675  0.10948677]]
[2 5][0 1][[2 6]][[0.20561472 0.10700542]]
[2 5][1 0][[3 5]][[0.2620566  0.17349659]]
[2 6][ 0 -1][[2 5]][[0.43735918 0.25143683]]
[2 6][-1  0][[1 6]][[0.34114954 0.139123  ]]
[2 6][0 1][[2 7]][[0.2741365 0.1290207]]
[2 6][1 0][[3 6]][[0.32847807 0.23437707]]
[2 7][ 0 -1][[2 6]][[0.49975553 0.29801053]]
[2 7][-1  0][[1 7]][[0.3952049  0.17984189]]
[2 7][0 1][[2 8]][[0.33909896 0.1611337 ]]
[2 7][1 0][[3 7]][[0.37998778 0.2732162 ]]
[2 8][ 0 -1][[2 7]][[0.5603225  0.34088022]]
[2 8][-1  0][[1 8]][[0.45665732 0.2263226 ]]
[2 8][0 1][[2 8]][[0.40239587 0.19798006]]
[2 8][1 0][[3 8]][[0.43111438 0.31283593]]
[3 0][ 0 -1][[3 0]][[0.24898046 0.11904226]]
[3 0][-1  0][[2 0]][[0.11385655 0.06069019]]
[3 0][0 1][[3 1]][[0.09279668 0.07782364]]
[3 0][1 0][[3 0]][[0.1405645  0.07151039]]
[3 1][ 0 -1][[3 0]][[0.23752272 0.13701172]]
[3 1][-1  0][[2 1]][[0.1272212  0.07275306]]
[3 1][0 1][[3 2]][[0.09160776 0.08689407]]
[3 1][1 0][[4 1]][[0.14389637 0.07933591]]
[3 2][ 0 -1][[3 1]][[0.2634732  0.13967873]]
[3 2][-1  0][[2 2]][[0.15781456 0.07418042]]
[3 2][0 1][[3 3]][[0.1197712  0.09295204]]
[3 2][1 0][[3 2]][[0.17236856 0.08014305]]
[3 3][ 0 -1][[3 2]][[0.30963084 0.16406147]]
[3 3][-1  0][[2 3]][[0.2076428 0.0726022]]
[3 3][0 1][[3 3]][[0.1533798  0.10543297]]
[3 3][1 0][[3 3]][[0.1960176  0.10458924]]
[3 5][ 0 -1][[3 5]][[0.41354463 0.24400799]]
[3 5][-1  0][[2 5]][[0.31598663 0.15102698]]
[3 5][0 1][[3 6]][[0.25634807 0.15953495]]
[3 5][1 0][[3 5]][[0.30432576 0.19584526]]
[3 6][ 0 -1][[3 5]][[0.47481725 0.2776844 ]]
[3 6][-1  0][[2 6]][[0.3815501 0.189162 ]]
[3 6][0 1][[3 7]][[0.3062792  0.17965923]]
[3 6][1 0][[4 6]][[0.36326393 0.24676676]]
[3 7][ 0 -1][[3 6]][[0.5411406  0.32179344]]
[3 7][-1  0][[2 7]][[0.44825575 0.22813953]]
[3 7][0 1][[3 8]][[0.3644047  0.20454665]]
[3 7][1 0][[3 7]][[0.42600483 0.29665142]]
[3 8][ 0 -1][[3 7]][[0.6041892 0.3693152]]
[3 8][-1  0][[2 8]][[0.50184184 0.2583359 ]]
[3 8][0 1][[3 8]][[0.43135476 0.23366748]]
[3 8][1 0][[3 8]][[0.49416003 0.34720784]]
[4 1][ 0 -1][[4 1]][[0.31126595 0.18283154]]
[4 1][-1  0][[3 1]][[0.19708401 0.12520812]]
[4 1][0 1][[4 1]][[0.16305393 0.14539763]]
[4 1][1 0][[5 1]][[0.21218204 0.11486511]]
[4 6][ 0 -1][[4 6]][[0.513326   0.31020093]]
[4 6][-1  0][[3 6]][[0.4147544  0.23595612]]
[4 6][0 1][[4 6]][[0.35865512 0.23148973]]
[4 6][1 0][[5 6]][[0.4029868  0.26506144]]
[5 0][ 0 -1][[5 0]][[0.40349725 0.21032651]]
[5 0][-1  0][[5 0]][[0.27028948 0.17036863]]
[5 0][0 1][[5 1]][[0.25879708 0.17449676]]
[5 0][1 0][[6 0]][[0.28626916 0.14310981]]
[5 1][ 0 -1][[5 0]][[0.38772872 0.22725116]]
[5 1][-1  0][[4 1]][[0.26714662 0.17651697]]
[5 1][0 1][[5 2]][[0.23614773 0.19114397]]
[5 1][1 0][[6 1]][[0.28343165 0.15051982]]
[5 2][ 0 -1][[5 1]][[0.39129364 0.24826606]]
[5 2][-1  0][[5 2]][[0.28483015 0.18627207]]
[5 2][0 1][[5 3]][[0.2512615 0.2049943]]
[5 2][1 0][[6 2]][[0.31117788 0.16869505]]
[5 3][ 0 -1][[5 2]][[0.41239303 0.2605669 ]]
[5 3][-1  0][[5 3]][[0.31305823 0.19673122]]
[5 3][0 1][[5 3]][[0.2846885  0.21020044]]
[5 3][1 0][[6 3]][[0.34216145 0.19151981]]
[5 5][ 0 -1][[5 5]][[0.5143146  0.30015635]]
[5 5][-1  0][[5 5]][[0.40520564 0.22095777]]
[5 5][0 1][[5 6]][[0.36565194 0.24498786]]
[5 5][1 0][[6 5]][[0.40227082 0.23851179]]
[5 6][ 0 -1][[5 5]][[0.55914116 0.3360374 ]]
[5 6][-1  0][[4 6]][[0.45741645 0.2537976 ]]
[5 6][0 1][[5 7]][[0.41162583 0.27279937]]
[5 6][1 0][[6 6]][[0.4444386  0.28541547]]
[5 7][ 0 -1][[5 6]][[0.6160777  0.37819356]]
[5 7][-1  0][[5 7]][[0.50989145 0.30648297]]
[5 7][0 1][[5 8]][[0.46460608 0.3027525 ]]
[5 7][1 0][[6 7]][[0.501699   0.33494347]]
[5 8][ 0 -1][[5 7]][[0.67792016 0.41761458]]
[5 8][-1  0][[5 8]][[0.5758903  0.34586442]]
[5 8][0 1][[5 8]][[0.51884043 0.3350042 ]]
[5 8][1 0][[6 8]][[0.56032676 0.38491964]]
[6 0][ 0 -1][[6 0]][[0.48211476 0.26064622]]
[6 0][-1  0][[5 0]][[0.34646866 0.21964778]]
[6 0][0 1][[6 1]][[0.33955687 0.2263151 ]]
[6 0][1 0][[7 0]][[0.36362052 0.19017984]]
[6 1][ 0 -1][[6 0]][[0.465171  0.2741571]]
[6 1][-1  0][[5 1]][[0.3363536  0.22692044]]
[6 1][0 1][[6 2]][[0.3125387  0.24014284]]
[6 1][1 0][[7 1]][[0.35710853 0.19071676]]
[6 2][ 0 -1][[6 1]][[0.46375206 0.29201174]]
[6 2][-1  0][[5 2]][[0.3561571  0.23879136]]
[6 2][0 1][[6 3]][[0.31565022 0.25874573]]
[6 2][1 0][[7 2]][[0.38232768 0.20322157]]
[6 3][ 0 -1][[6 2]][[0.47374937 0.3141905 ]]
[6 3][-1  0][[5 3]][[0.376944   0.24741532]]
[6 3][0 1][[6 4]][[0.34531024 0.2670108 ]]
[6 3][1 0][[7 3]][[0.4081967  0.22918306]]
[6 4][ 0 -1][[6 3]][[0.5089811  0.32368743]]
[6 4][-1  0][[6 4]][[0.4105354  0.25532752]]
[6 4][0 1][[6 5]][[0.37945092 0.27220047]]
[6 4][1 0][[6 4]][[0.43667296 0.25290138]]
[6 5][ 0 -1][[6 4]][[0.56879437 0.34547293]]
[6 5][-1  0][[5 5]][[0.4513255  0.26761144]]
[6 5][0 1][[6 6]][[0.41992912 0.28608084]]
[6 5][1 0][[7 5]][[0.47464505 0.26771587]]
[6 6][ 0 -1][[6 5]][[0.61689246 0.36793208]]
[6 6][-1  0][[5 6]][[0.50452965 0.2888168 ]]
[6 6][0 1][[6 7]][[0.47106448 0.31439704]]
[6 6][1 0][[7 6]][[0.5053857  0.30572897]]
[6 7][ 0 -1][[6 6]][[0.65995336 0.4039665 ]]
[6 7][-1  0][[5 7]][[0.5598465  0.31970233]]
[6 7][0 1][[6 8]][[0.5165689 0.3422643]]
[6 7][1 0][[7 7]][[0.5480564  0.35362387]]
[6 8][ 0 -1][[6 7]][[0.7189695  0.44624668]]
[6 8][-1  0][[5 8]][[0.6123104  0.37259698]]
[6 8][0 1][[6 8]][[0.56978106 0.3720166 ]]
[6 8][1 0][[7 8]][[0.6006396  0.40382177]]
[7 0][ 0 -1][[7 0]][[0.5607322 0.3109659]]
[7 0][-1  0][[6 0]][[0.4226478 0.2689268]]
[7 0][0 1][[7 1]][[0.4175085  0.27585477]]
[7 0][1 0][[8 0]][[0.445555   0.23715444]]
[7 1][ 0 -1][[7 0]][[0.54401094 0.32461077]]
[7 1][-1  0][[6 1]][[0.4124777  0.27710962]]
[7 1][0 1][[7 2]][[0.39085236 0.2891153 ]]
[7 1][1 0][[8 1]][[0.43468   0.2394905]]
[7 2][ 0 -1][[7 1]][[0.5385902  0.34015894]]
[7 2][-1  0][[6 2]][[0.42620465 0.28975832]]
[7 2][0 1][[7 3]][[0.39132676 0.30899507]]
[7 2][1 0][[8 2]][[0.4515188  0.24707748]]
[7 3][ 0 -1][[7 2]][[0.545817   0.35831714]]
[7 3][-1  0][[6 3]][[0.44677964 0.29941916]]
[7 3][0 1][[7 3]][[0.40731248 0.32687384]]
[7 3][1 0][[8 3]][[0.47355106 0.26629555]]
[7 5][ 0 -1][[7 5]][[0.60682553 0.38779682]]
[7 5][-1  0][[6 5]][[0.5058818 0.319968 ]]
[7 5][0 1][[7 6]][[0.47505793 0.3345824 ]]
[7 5][1 0][[8 5]][[0.5309836 0.3139565]]
[7 6][ 0 -1][[7 5]][[0.66732407 0.41222793]]
[7 6][-1  0][[6 6]][[0.5489867  0.33491105]]
[7 6][0 1][[7 7]][[0.51794773 0.3512897 ]]
[7 6][1 0][[8 6]][[0.57059795 0.32998377]]
[7 7][ 0 -1][[7 6]][[0.71960586 0.4357937 ]]
[7 7][-1  0][[6 7]][[0.6040697  0.35639542]]
[7 7][0 1][[7 8]][[0.5698488  0.38089705]]
[7 7][1 0][[8 7]][[0.6096501  0.37356037]]
[7 8][ 0 -1][[7 7]][[0.763495   0.47145385]]
[7 8][-1  0][[6 8]][[0.66427666 0.38799578]]
[7 8][0 1][[7 8]][[0.62139094 0.41149276]]
[7 8][1 0][[8 8]][[0.65428585 0.42164624]]
[8 0][ 0 -1][[8 0]][[0.6395962 0.3612464]]
[8 0][-1  0][[7 0]][[0.5007755  0.31937927]]
[8 0][0 1][[8 1]][[0.49403355 0.32373232]]
[8 0][1 0][[8 0]][[0.5272929  0.28381532]]
[8 1][ 0 -1][[8 0]][[0.6228508  0.37506413]]
[8 1][-1  0][[7 1]][[0.4899868  0.32725596]]
[8 1][0 1][[8 2]][[0.46951035 0.33827543]]
[8 1][1 0][[8 1]][[0.51173383 0.2876888 ]]
[8 2][ 0 -1][[8 1]][[0.6153204 0.3904158]]
[8 2][-1  0][[7 2]][[0.4956837  0.34011155]]
[8 2][0 1][[8 3]][[0.46824238 0.3592533 ]]
[8 2][1 0][[8 2]][[0.52150387 0.2976234 ]]
[8 3][ 0 -1][[8 2]][[0.6212363 0.4079218]]
[8 3][-1  0][[7 3]][[0.5183392 0.3520189]]
[8 3][0 1][[8 3]][[0.47515908 0.37680596]]
[8 3][1 0][[8 3]][[0.5404357 0.3124758]]
[8 5][ 0 -1][[8 5]][[0.6573986 0.4409079]]
[8 5][-1  0][[7 5]][[0.56532717 0.37533814]]
[8 5][0 1][[8 6]][[0.5320699  0.39000928]]
[8 5][1 0][[8 5]][[0.59003454 0.36196876]]
[8 6][ 0 -1][[8 5]][[0.704548   0.45331597]]
[8 6][-1  0][[7 6]][[0.60138506 0.38557827]]
[8 6][0 1][[8 7]][[0.57192683 0.39746833]]
[8 6][1 0][[8 6]][[0.6273832  0.37563902]]
[8 7][ 0 -1][[8 6]][[0.76585376 0.47898287]]
[8 7][-1  0][[7 7]][[0.646648  0.4022106]]
[8 7][0 1][[8 8]][[0.6159662 0.4164986]]
[8 7][1 0][[8 7]][[0.6669793 0.3927527]]
[8 8][ 0 -1][[8 7]][[0.82243466 0.5038755 ]]
[8 8][-1  0][[7 8]][[0.7053868  0.42353034]]
[8 8][0 1][[8 8]][[0.6693233 0.4462996]]
[8 8][1 0][[8 8]][[0.70875853 0.43891472]]
[0 0][ 0 -1][[0 0]][[ 0.11595435 -0.13308819]]
[0 0][-1  0][[0 0]][[ 0.14620675 -0.06415473]]
[0 0][0 1][[0 1]][[ 0.13843167 -0.13715957]]
[0 0][1 0][[1 0]][[ 0.12006932 -0.09230035]]
[0 1][ 0 -1][[0 0]][[ 0.13571067 -0.13725734]]
[0 1][-1  0][[0 1]][[ 0.17670278 -0.08914959]]
[0 1][0 1][[0 2]][[ 0.16627395 -0.1223709 ]]
[0 1][1 0][[1 1]][[ 0.15710072 -0.06539606]]
[0 2][ 0 -1][[0 1]][[ 0.15450174 -0.15124859]]
[0 2][-1  0][[0 2]][[ 0.1974884  -0.08302769]]
[0 2][0 1][[0 3]][[ 0.20232788 -0.10657091]]
[0 2][1 0][[1 2]][[ 0.19307093 -0.06648523]]
[0 3][ 0 -1][[0 2]][[ 0.18800017 -0.15239099]]
[0 3][-1  0][[0 3]][[ 0.23028903 -0.07283842]]
[0 3][0 1][[0 3]][[ 0.2366075 -0.0941041]]
[0 3][1 0][[1 3]][[ 0.22274104 -0.0644336 ]]
[0 5][ 0 -1][[0 5]][[ 0.23035763 -0.11240441]]
[0 5][-1  0][[0 5]][[ 0.2828585  -0.03583359]]
[0 5][0 1][[0 6]][[ 0.28802505 -0.05711328]]
[0 5][1 0][[1 5]][[ 0.27273506 -0.05463337]]
[0 6][ 0 -1][[0 5]][[ 0.25146377 -0.09444096]]
[0 6][-1  0][[0 6]][[ 0.30654386 -0.01436912]]
[0 6][0 1][[0 7]][[ 0.3091892  -0.03918073]]
[0 6][1 0][[1 6]][[ 0.29634702 -0.04622091]]
[0 7][ 0 -1][[0 6]][[ 0.27307957 -0.0751863 ]]
[0 7][-1  0][[0 7]][[0.33022916 0.00709538]]
[0 7][0 1][[0 8]][[ 0.32994232 -0.02222918]]
[0 7][1 0][[1 7]][[ 0.31879625 -0.03697082]]
[0 8][ 0 -1][[0 7]][[ 0.2961382  -0.05227746]]
[0 8][-1  0][[0 8]][[0.35391447 0.02855983]]
[0 8][0 1][[0 8]][[ 0.35120493 -0.0039867 ]]
[0 8][1 0][[1 8]][[ 0.34072596 -0.02627273]]
[1 0][ 0 -1][[1 0]][[ 0.13961801 -0.04375797]]
[1 0][-1  0][[0 0]][[ 0.16723302 -0.02593675]]
[1 0][0 1][[1 1]][[ 0.10239717 -0.09166914]]
[1 0][1 0][[2 0]][[ 0.11197047 -0.05894392]]
[1 1][ 0 -1][[1 0]][[ 0.16102766 -0.07738949]]
[1 1][-1  0][[0 1]][[ 0.18212965 -0.05780359]]
[1 1][0 1][[1 2]][[ 0.15024112 -0.10231702]]
[1 1][1 0][[2 1]][[ 0.15498574 -0.0570344 ]]
[1 2][ 0 -1][[1 1]][[ 0.17451656 -0.08109307]]
[1 2][-1  0][[0 2]][[ 0.19047856 -0.05046211]]
[1 2][0 1][[1 3]][[ 0.17513047 -0.0868808 ]]
[1 2][1 0][[2 2]][[ 0.17748566 -0.04901117]]
[1 3][ 0 -1][[1 2]][[ 0.19595537 -0.07932666]]
[1 3][-1  0][[0 3]][[ 0.21419425 -0.03223701]]
[1 3][0 1][[1 4]][[ 0.20837887 -0.06935465]]
[1 3][1 0][[2 3]][[ 0.19974387 -0.03985862]]
[1 4][ 0 -1][[1 3]][[ 0.21284598 -0.08209568]]
[1 4][-1  0][[1 4]][[ 0.2379066  -0.01369365]]
[1 4][0 1][[1 5]][[ 0.24141064 -0.04639668]]
[1 4][1 0][[1 4]][[ 0.22980702 -0.02592316]]
[1 5][ 0 -1][[1 4]][[ 0.22514763 -0.07753625]]
[1 5][-1  0][[0 5]][[0.26870006 0.01213253]]
[1 5][0 1][[1 6]][[ 0.2741917  -0.02476595]]
[1 5][1 0][[2 5]][[ 0.26115543 -0.01688987]]
[1 6][ 0 -1][[1 5]][[ 0.24999282 -0.05816444]]
[1 6][-1  0][[0 6]][[0.30083156 0.03674138]]
[1 6][0 1][[1 7]][[ 3.077211e-01 -2.682060e-04]]
[1 6][1 0][[2 6]][[ 0.28654268 -0.01157239]]
[1 7][ 0 -1][[1 6]][[ 0.27242988 -0.03433649]]
[1 7][-1  0][[0 7]][[0.3285166  0.05891582]]
[1 7][0 1][[1 8]][[0.33529824 0.02208844]]
[1 7][1 0][[2 7]][[ 0.3122377  -0.00261764]]
[1 8][ 0 -1][[1 7]][[ 0.29471552 -0.00839685]]
[1 8][-1  0][[0 8]][[0.35154855 0.08416687]]
[1 8][0 1][[1 8]][[0.36265978 0.04431279]]
[1 8][1 0][[2 8]][[0.33697933 0.00806344]]
[2 0][ 0 -1][[2 0]][[0.14271645 0.03833263]]
[2 0][-1  0][[1 0]][[0.16764756 0.04882699]]
[2 0][0 1][[2 1]][[0.08100544 0.00744978]]
[2 0][1 0][[3 0]][[0.11643498 0.02033873]]
[2 1][ 0 -1][[2 0]][[0.15770367 0.00933571]]
[2 1][-1  0][[1 1]][[0.17398828 0.04689534]]
[2 1][0 1][[2 2]][[ 0.11775247 -0.01478134]]
[2 1][1 0][[3 1]][[ 0.14783342 -0.00711946]]
[2 2][ 0 -1][[2 1]][[ 0.17700787 -0.00705576]]
[2 2][-1  0][[1 2]][[0.18975812 0.03991425]]
[2 2][0 1][[2 3]][[ 0.1514652  -0.02667315]]
[2 2][1 0][[3 2]][[ 0.17157215 -0.00686698]]
[2 3][ 0 -1][[2 2]][[0.18930903 0.01741315]]
[2 3][-1  0][[1 3]][[0.21465898 0.04241498]]
[2 3][0 1][[2 3]][[ 0.17584835 -0.01446754]]
[2 3][1 0][[3 3]][[0.18794668 0.00247887]]
[2 5][ 0 -1][[2 5]][[0.23446709 0.03819872]]
[2 5][-1  0][[1 5]][[0.25368017 0.05933191]]
[2 5][0 1][[2 6]][[0.23222493 0.022948  ]]
[2 5][1 0][[3 5]][[0.2309688  0.01600324]]
[2 6][ 0 -1][[2 5]][[0.25548166 0.04063152]]
[2 6][-1  0][[1 6]][[0.27593905 0.07815515]]
[2 6][0 1][[2 7]][[0.27090952 0.04455748]]
[2 6][1 0][[3 6]][[0.25565594 0.02483562]]
[2 7][ 0 -1][[2 6]][[0.27338377 0.04043433]]
[2 7][-1  0][[1 7]][[0.30556864 0.10369368]]
[2 7][0 1][[2 8]][[0.3093028  0.06433643]]
[2 7][1 0][[3 7]][[0.28893292 0.04169214]]
[2 8][ 0 -1][[2 7]][[0.29487148 0.04552144]]
[2 8][-1  0][[1 8]][[0.33792847 0.12734334]]
[2 8][0 1][[2 8]][[0.34361303 0.08692145]]
[2 8][1 0][[3 8]][[0.32063586 0.05835798]]
[3 0][ 0 -1][[3 0]][[0.15408576 0.12418889]]
[3 0][-1  0][[2 0]][[0.16718234 0.13880129]]
[3 0][0 1][[3 1]][[0.074316   0.09819438]]
[3 0][1 0][[3 0]][[0.1295143  0.11811389]]
[3 1][ 0 -1][[3 0]][[0.16622648 0.11244412]]
[3 1][-1  0][[2 1]][[0.17541483 0.13516475]]
[3 1][0 1][[3 2]][[0.10156006 0.08170715]]
[3 1][1 0][[4 1]][[0.15304492 0.08467568]]
[3 2][ 0 -1][[3 1]][[0.17868054 0.09032492]]
[3 2][-1  0][[2 2]][[0.20082566 0.13126199]]
[3 2][0 1][[3 3]][[0.1327521  0.06777227]]
[3 2][1 0][[3 2]][[0.17560658 0.060784  ]]
[3 3][ 0 -1][[3 2]][[0.1952072  0.08640988]]
[3 3][-1  0][[2 3]][[0.21198694 0.13626824]]
[3 3][0 1][[3 3]][[0.15857907 0.06164286]]
[3 3][1 0][[3 3]][[0.18166043 0.05954191]]
[3 5][ 0 -1][[3 5]][[0.2243101  0.12605374]]
[3 5][-1  0][[2 5]][[0.25059158 0.13116543]]
[3 5][0 1][[3 6]][[0.19931175 0.07993735]]
[3 5][1 0][[3 5]][[0.20440945 0.07907045]]
[3 6][ 0 -1][[3 5]][[0.250537  0.1403593]]
[3 6][-1  0][[2 6]][[0.27262604 0.15043674]]
[3 6][0 1][[3 7]][[0.22492677 0.08980115]]
[3 6][1 0][[4 6]][[0.23314968 0.08887573]]
[3 7][ 0 -1][[3 6]][[0.27253085 0.15204643]]
[3 7][-1  0][[2 7]][[0.29670098 0.1595067 ]]
[3 7][0 1][[3 8]][[0.25854093 0.11180805]]
[3 7][1 0][[3 7]][[0.26128745 0.09388913]]
[3 8][ 0 -1][[3 7]][[0.29409364 0.16063474]]
[3 8][-1  0][[2 8]][[0.31293225 0.16959743]]
[3 8][0 1][[3 8]][[0.29767853 0.13580613]]
[3 8][1 0][[3 8]][[0.29163736 0.10225476]]
[4 1][ 0 -1][[4 1]][[0.17241552 0.20071764]]
[4 1][-1  0][[3 1]][[0.1864898  0.21975915]]
[4 1][0 1][[4 1]][[0.09826011 0.17504679]]
[4 1][1 0][[5 1]][[0.16075613 0.18475248]]
[4 6][ 0 -1][[4 6]][[0.2360544  0.21543743]]
[4 6][-1  0][[3 6]][[0.26388413 0.21794339]]
[4 6][0 1][[4 6]][[0.21114576 0.17018498]]
[4 6][1 0][[5 6]][[0.21316195 0.15120779]]
[5 0][ 0 -1][[5 0]][[0.16925126 0.30045384]]
[5 0][-1  0][[5 0]][[0.17917615 0.3251198 ]]
[5 0][0 1][[5 1]][[0.09500715 0.2911772 ]]
[5 0][1 0][[6 0]][[0.15965329 0.31250995]]
[5 1][ 0 -1][[5 0]][[0.17882818 0.28680032]]
[5 1][-1  0][[4 1]][[0.19693089 0.31365174]]
[5 1][0 1][[5 2]][[0.10559196 0.27400953]]
[5 1][1 0][[6 1]][[0.16855876 0.283446  ]]
[5 2][ 0 -1][[5 1]][[0.19600807 0.28192216]]
[5 2][-1  0][[5 2]][[0.21054474 0.29978448]]
[5 2][0 1][[5 3]][[0.12299947 0.2589898 ]]
[5 2][1 0][[6 2]][[0.19002302 0.25973207]]
[5 3][ 0 -1][[5 2]][[0.21415964 0.27135688]]
[5 3][-1  0][[5 3]][[0.23894584 0.30368006]]
[5 3][0 1][[5 3]][[0.15957019 0.24718256]]
[5 3][1 0][[6 3]][[0.20920673 0.24046342]]
[5 5][ 0 -1][[5 5]][[0.22669964 0.27489215]]
[5 5][-1  0][[5 5]][[0.25598338 0.3184172 ]]
[5 5][0 1][[5 6]][[0.18221824 0.24585985]]
[5 5][1 0][[6 5]][[0.2058721  0.22309457]]
[5 6][ 0 -1][[5 5]][[0.23607473 0.28697616]]
[5 6][-1  0][[4 6]][[0.26321426 0.31561494]]
[5 6][0 1][[5 7]][[0.20118324 0.2492318 ]]
[5 6][1 0][[6 6]][[0.20847777 0.22677757]]
[5 7][ 0 -1][[5 6]][[0.25155705 0.30552173]]
[5 7][-1  0][[5 7]][[0.27910936 0.31120986]]
[5 7][0 1][[5 8]][[0.22300333 0.259996  ]]
[5 7][1 0][[6 7]][[0.22434424 0.23511676]]
[5 8][ 0 -1][[5 7]][[0.27616376 0.32020277]]
[5 8][-1  0][[5 8]][[0.29995197 0.3200006 ]]
[5 8][0 1][[5 8]][[0.24585663 0.2697609 ]]
[5 8][1 0][[6 8]][[0.24270277 0.24621825]]
[6 0][ 0 -1][[6 0]][[0.1779947  0.39202994]]
[6 0][-1  0][[5 0]][[0.19031838 0.4217595 ]]
[6 0][0 1][[6 1]][[0.10284542 0.37714177]]
[6 0][1 0][[7 0]][[0.16956666 0.4079424 ]]
[6 1][ 0 -1][[6 0]][[0.18721056 0.37555474]]
[6 1][-1  0][[5 1]][[0.20313579 0.40486348]]
[6 1][0 1][[6 2]][[0.11285994 0.36536908]]
[6 1][1 0][[7 1]][[0.17561634 0.37870997]]
[6 2][ 0 -1][[6 1]][[0.2069565  0.37492913]]
[6 2][-1  0][[5 2]][[0.22091353 0.39109927]]
[6 2][0 1][[6 3]][[0.13309604 0.35286832]]
[6 2][1 0][[7 2]][[0.19551072 0.35314196]]
[6 3][ 0 -1][[6 2]][[0.22785258 0.36759126]]
[6 3][-1  0][[5 3]][[0.24645275 0.38742238]]
[6 3][0 1][[6 4]][[0.16044061 0.34438902]]
[6 3][1 0][[7 3]][[0.21507795 0.33299506]]
[6 4][ 0 -1][[6 3]][[0.23925216 0.36515135]]
[6 4][-1  0][[6 4]][[0.27034178 0.40101695]]
[6 4][0 1][[6 5]][[0.19171877 0.3430966 ]]
[6 4][1 0][[6 4]][[0.23036385 0.32945246]]
[6 5][ 0 -1][[6 4]][[0.2400166 0.3661163]]
[6 5][-1  0][[5 5]][[0.2723046 0.4117276]]
[6 5][0 1][[6 6]][[0.19934031 0.3391686 ]]
[6 5][1 0][[7 5]][[0.22221006 0.32493544]]
[6 6][ 0 -1][[6 5]][[0.24273396 0.3686151 ]]
[6 6][-1  0][[5 6]][[0.27693403 0.41205698]]
[6 6][0 1][[6 7]][[0.20420699 0.33503753]]
[6 6][1 0][[7 6]][[0.21920235 0.3140024 ]]
[6 7][ 0 -1][[6 6]][[0.2516458  0.38079083]]
[6 7][-1  0][[5 7]][[0.28403175 0.40961146]]
[6 7][0 1][[6 8]][[0.2145802 0.3379404]]
[6 7][1 0][[7 7]][[0.22459304 0.3175845 ]]
[6 8][ 0 -1][[6 7]][[0.26548734 0.39700663]]
[6 8][-1  0][[5 8]][[0.29596195 0.40730822]]
[6 8][0 1][[6 8]][[0.23588565 0.34783995]]
[6 8][1 0][[7 8]][[0.23785643 0.32488036]]
[7 0][ 0 -1][[7 0]][[0.18656066 0.48210377]]
[7 0][-1  0][[6 0]][[0.19873637 0.514182  ]]
[7 0][0 1][[7 1]][[0.11068373 0.4631064 ]]
[7 0][1 0][[8 0]][[0.1778611  0.49980974]]
[7 1][ 0 -1][[7 0]][[0.19575144 0.4663669 ]]
[7 1][-1  0][[6 1]][[0.20851374 0.49383456]]
[7 1][0 1][[7 2]][[0.12090059 0.4510411 ]]
[7 1][1 0][[8 1]][[0.18530363 0.47389662]]
[7 2][ 0 -1][[7 1]][[0.21564108 0.46425146]]
[7 2][-1  0][[6 2]][[0.22832577 0.48269624]]
[7 2][0 1][[7 3]][[0.14007781 0.4453709 ]]
[7 2][1 0][[8 2]][[0.20272559 0.44922078]]
[7 3][ 0 -1][[7 2]][[0.2354337  0.45853806]]
[7 3][-1  0][[6 3]][[0.2548352  0.47329158]]
[7 3][0 1][[7 3]][[0.16706072 0.44025028]]
[7 3][1 0][[8 3]][[0.22260267 0.42640716]]
[7 5][ 0 -1][[7 5]][[0.25974244 0.46404517]]
[7 5][-1  0][[6 5]][[0.2944321 0.497262 ]]
[7 5][0 1][[7 6]][[0.21763712 0.44088984]]
[7 5][1 0][[8 5]][[0.24307552 0.4193129 ]]
[7 6][ 0 -1][[7 5]][[0.25975543 0.46372312]]
[7 6][-1  0][[6 6]][[0.29639497 0.50797266]]
[7 6][0 1][[7 7]][[0.22241569 0.43532515]]
[7 6][1 0][[8 6]][[0.23759039 0.41551757]]
[7 7][ 0 -1][[7 6]][[0.26098508 0.464328  ]]
[7 7][-1  0][[6 7]][[0.2992171 0.5072235]]
[7 7][0 1][[7 8]][[0.22761708 0.4298817 ]]
[7 7][1 0][[8 7]][[0.23726465 0.40763724]]
[7 8][ 0 -1][[7 7]][[0.26761633 0.47446656]]
[7 8][-1  0][[6 8]][[0.3044377 0.5046532]]
[7 8][0 1][[7 8]][[0.23112956 0.43288362]]
[7 8][1 0][[8 8]][[0.24084713 0.41236174]]
[8 0][ 0 -1][[8 0]][[0.19573137 0.5719679 ]]
[8 0][-1  0][[7 0]][[0.20632845 0.6049191 ]]
[8 0][0 1][[8 1]][[0.11852203 0.5490708 ]]
[8 0][1 0][[8 0]][[0.18410915 0.5894226 ]]
[8 1][ 0 -1][[8 0]][[0.20525163 0.55861485]]
[8 1][-1  0][[7 1]][[0.21658804 0.58568007]]
[8 1][0 1][[8 2]][[0.1279871 0.5361176]]
[8 1][1 0][[8 1]][[0.19494352 0.56861866]]
[8 2][ 0 -1][[8 1]][[0.22407259 0.5534186 ]]
[8 2][-1  0][[7 2]][[0.23575145 0.57263464]]
[8 2][0 1][[8 3]][[0.14877886 0.5361123 ]]
[8 2][1 0][[8 2]][[0.20983297 0.54520714]]
[8 3][ 0 -1][[8 2]][[0.24540934 0.55143994]]
[8 3][-1  0][[7 3]][[0.2630237 0.563574 ]]
[8 3][0 1][[8 3]][[0.17611599 0.53106   ]]
[8 3][1 0][[8 3]][[0.22967678 0.5189811 ]]
[8 5][ 0 -1][[8 5]][[0.2818529  0.55465096]]
[8 5][-1  0][[7 5]][[0.31440255 0.57488346]]
[8 5][0 1][[8 6]][[0.23310605 0.5307528 ]]
[8 5][1 0][[8 5]][[0.26305282 0.50136787]]
[8 6][ 0 -1][[8 5]][[0.28031123 0.5625248 ]]
[8 6][-1  0][[7 6]][[0.31815195 0.59453976]]
[8 6][0 1][[8 7]][[0.24141763 0.5358359 ]]
[8 6][1 0][[8 6]][[0.25876233 0.51315325]]
[8 7][ 0 -1][[8 6]][[0.2803243 0.5622025]]
[8 7][-1  0][[7 7]][[0.31952715 0.606263  ]]
[8 7][0 1][[8 8]][[0.24619627 0.5302712 ]]
[8 7][1 0][[8 7]][[0.25689417 0.5084659 ]]
[8 8][ 0 -1][[8 7]][[0.28076586 0.5619662 ]]
[8 8][-1  0][[7 8]][[0.32261384 0.60353845]]
[8 8][0 1][[8 8]][[0.25102714 0.52472585]]
[8 8][1 0][[8 8]][[0.25418442 0.50320864]]
