[0 0][ 0 -1][[0 0]][[ 0.06122482 -0.15361045]]
[0 0][-1  0][[0 0]][[-0.2529872   0.24706946]]
[0 0][0 1][[0 1]][[-0.05442103  1.1066995 ]]
[0 0][1 0][[1 0]][[0.93761885 0.10955124]]
[0 1][ 0 -1][[0 0]][[-0.03820947  0.07268459]]
[0 1][-1  0][[0 1]][[-0.23991445  1.1308491 ]]
[0 1][0 1][[0 2]][[-0.01225793  2.0215013 ]]
[0 1][1 0][[1 1]][[0.8818698 1.0883629]]
[0 2][ 0 -1][[0 1]][[-0.03341292  1.0532355 ]]
[0 2][-1  0][[0 2]][[-0.23925963  2.1186914 ]]
[0 2][0 1][[0 3]][[-0.01326464  2.9104843 ]]
[0 2][1 0][[1 2]][[0.87820715 2.0185654 ]]
[0 3][ 0 -1][[0 2]][[0.01488156 2.1895323 ]]
[0 3][-1  0][[0 3]][[-0.2137847  3.1180434]]
[0 3][0 1][[0 3]][[0.08105721 3.8026452 ]]
[0 3][1 0][[1 3]][[0.83582103 2.9951313 ]]
[0 5][ 0 -1][[0 5]][[0.17534378 4.2810626 ]]
[0 5][-1  0][[0 5]][[-0.23966846  4.98321   ]]
[0 5][0 1][[0 6]][[0.18182653 5.775116  ]]
[0 5][1 0][[1 5]][[0.9030866 5.005182 ]]
[0 6][ 0 -1][[0 5]][[0.23624575 5.291647  ]]
[0 6][-1  0][[0 6]][[-0.22255614  5.92955   ]]
[0 6][0 1][[0 7]][[0.21667528 6.7407274 ]]
[0 6][1 0][[1 6]][[0.9275152 5.9926987]]
[0 7][ 0 -1][[0 6]][[0.2674669 6.2705464]]
[0 7][-1  0][[0 7]][[-0.20215747  6.878335  ]]
[0 7][0 1][[0 8]][[0.2581063 7.705964 ]]
[0 7][1 0][[1 7]][[0.9730055 6.9710484]]
[0 8][ 0 -1][[0 7]][[0.308299  7.2488165]]
[0 8][-1  0][[0 8]][[-0.18175855  7.8271213 ]]
[0 8][0 1][[0 8]][[0.30840632 8.652986  ]]
[0 8][1 0][[1 8]][[1.0255055 7.946345 ]]
[1 0][ 0 -1][[1 0]][[ 0.9857622  -0.05678844]]
[1 0][-1  0][[0 0]][[0.10919439 0.04131442]]
[1 0][0 1][[1 1]][[0.8802089 1.0597087]]
[1 0][1 0][[2 0]][[2.0728915  0.07501411]]
[1 1][ 0 -1][[1 0]][[0.9342437  0.08078551]]
[1 1][-1  0][[0 1]][[0.18719769 0.9969752 ]]
[1 1][0 1][[1 2]][[0.94298077 1.9404142 ]]
[1 1][1 0][[2 1]][[2.0305636 1.034579 ]]
[1 2][ 0 -1][[1 1]][[0.9995132  0.98690593]]
[1 2][-1  0][[0 2]][[0.19894841 2.0229821 ]]
[1 2][0 1][[1 3]][[0.98254305 2.860947  ]]
[1 2][1 0][[2 2]][[2.0062816 2.0630565]]
[1 3][ 0 -1][[1 2]][[1.0411956 2.1991918]]
[1 3][-1  0][[0 3]][[0.24125758 3.076456  ]]
[1 3][0 1][[1 4]][[0.98711365 3.7875738 ]]
[1 3][1 0][[2 3]][[1.9604323 3.026857 ]]
[1 4][ 0 -1][[1 3]][[1.1006495 3.2870307]]
[1 4][-1  0][[1 4]][[0.22113186 4.041887  ]]
[1 4][0 1][[1 5]][[1.0253007 4.8174334]]
[1 4][1 0][[1 4]][[1.9188595 4.051347 ]]
[1 5][ 0 -1][[1 4]][[1.1743108 4.342295 ]]
[1 5][-1  0][[0 5]][[0.20471433 5.012416  ]]
[1 5][0 1][[1 6]][[1.0261809 5.807298 ]]
[1 5][1 0][[2 5]][[1.9388909 5.0538282]]
[1 6][ 0 -1][[1 5]][[1.1889205 5.3496623]]
[1 6][-1  0][[0 6]][[0.19102216 5.98425   ]]
[1 6][0 1][[1 7]][[1.0225333 6.7840376]]
[1 6][1 0][[2 6]][[1.9585937 6.0428467]]
[1 7][ 0 -1][[1 6]][[1.1793559 6.331596 ]]
[1 7][-1  0][[0 7]][[0.20252815 6.9293885 ]]
[1 7][0 1][[1 8]][[1.0485342 7.7489347]]
[1 7][1 0][[2 7]][[1.9827765 7.030293 ]]
[1 8][ 0 -1][[1 7]][[1.2140881 7.3065786]]
[1 8][-1  0][[0 8]][[0.23687387 7.8783016 ]]
[1 8][0 1][[1 8]][[1.0910978 8.706275 ]]
[1 8][1 0][[2 8]][[2.0069592 8.017738 ]]
[2 0][ 0 -1][[2 0]][[2.0045137  0.01806073]]
[2 0][-1  0][[1 0]][[ 0.9755724  -0.06470542]]
[2 0][0 1][[2 1]][[1.9220091 1.0121719]]
[2 0][1 0][[3 0]][[3.0641336  0.02405109]]
[2 1][ 0 -1][[2 0]][[1.9077837  0.13352184]]
[2 1][-1  0][[1 1]][[1.0442251  0.92155254]]
[2 1][0 1][[2 2]][[1.967261 1.864262]]
[2 1][1 0][[3 1]][[3.029614  0.9819522]]
[2 2][ 0 -1][[2 1]][[1.9579424 0.9817786]]
[2 2][-1  0][[1 2]][[1.1522658 1.9709697]]
[2 2][0 1][[2 3]][[1.9979695 2.816157 ]]
[2 2][1 0][[3 2]][[3.0171332 1.9616675]]
[2 3][ 0 -1][[2 2]][[2.02315   2.1562681]]
[2 3][-1  0][[1 3]][[1.0940068 3.0161376]]
[2 3][0 1][[2 3]][[2.0366423 3.7426448]]
[2 3][1 0][[3 3]][[3.0195405 3.0000348]]
[2 5][ 0 -1][[2 5]][[2.142864  4.3524866]]
[2 5][-1  0][[1 5]][[1.0058355 5.011145 ]]
[2 5][0 1][[2 6]][[2.0225215 5.781499 ]]
[2 5][1 0][[3 5]][[2.9046066 5.044697 ]]
[2 6][ 0 -1][[2 5]][[2.15236  5.357026]]
[2 6][-1  0][[1 6]][[0.9875688 5.9853153]]
[2 6][0 1][[2 7]][[2.009554  6.7601733]]
[2 6][1 0][[3 6]][[2.882487  6.0345387]]
[2 7][ 0 -1][[2 6]][[2.139454  6.3405333]]
[2 7][-1  0][[1 7]][[0.9832615 6.9540496]]
[2 7][0 1][[2 8]][[1.9965869 7.738846 ]]
[2 7][1 0][[3 7]][[2.8701477 7.023179 ]]
[2 8][ 0 -1][[2 7]][[2.1265476 7.324042 ]]
[2 8][-1  0][[1 8]][[0.99961394 7.932895  ]]
[2 8][0 1][[2 8]][[1.9836193 8.71752  ]]
[2 8][1 0][[3 8]][[2.8760614 8.014845 ]]
[3 0][ 0 -1][[3 0]][[3.0374045  0.04958263]]
[3 0][-1  0][[2 0]][[ 2.0885522 -0.1001031]]
[3 0][0 1][[3 1]][[2.9910254  0.98967564]]
[3 0][1 0][[3 0]][[ 4.031667   -0.03357531]]
[3 1][ 0 -1][[3 0]][[3.001654   0.19093846]]
[3 1][-1  0][[2 1]][[2.1555488 0.9071187]]
[3 1][0 1][[3 2]][[3.0146787 1.8139957]]
[3 1][1 0][[4 1]][[4.0337133 0.958724 ]]
[3 2][ 0 -1][[3 1]][[2.9722867  0.98481417]]
[3 2][-1  0][[2 2]][[2.2822149 1.9772491]]
[3 2][0 1][[3 3]][[3.0666027 2.7215295]]
[3 2][1 0][[3 2]][[3.9634402 1.9723678]]
[3 3][ 0 -1][[3 2]][[3.03306   2.1727839]]
[3 3][-1  0][[2 3]][[2.3455744 3.02954  ]]
[3 3][0 1][[3 3]][[3.0749276 3.69556  ]]
[3 3][1 0][[3 3]][[4.0030413 2.9688215]]
[3 5][ 0 -1][[3 5]][[3.160803 4.309153]]
[3 5][-1  0][[2 5]][[2.1602397 5.0356035]]
[3 5][0 1][[3 6]][[3.0465968 5.758119 ]]
[3 5][1 0][[3 5]][[3.9779491 5.015606 ]]
[3 6][ 0 -1][[3 5]][[3.1239572 5.3491783]]
[3 6][-1  0][[2 6]][[2.128993 6.012468]]
[3 6][0 1][[3 7]][[3.0184712 6.735471 ]]
[3 6][1 0][[4 6]][[3.8998206 6.0207977]]
[3 7][ 0 -1][[3 6]][[3.102893  6.3478966]]
[3 7][-1  0][[2 7]][[2.0977464 6.989333 ]]
[3 7][0 1][[3 8]][[2.9929276 7.7130466]]
[3 7][1 0][[3 7]][[3.8604274 7.005895 ]]
[3 8][ 0 -1][[3 7]][[3.0899873 7.3314047]]
[3 8][-1  0][[2 8]][[2.0665    7.9661965]]
[3 8][0 1][[3 8]][[2.9799602 8.69172  ]]
[3 8][1 0][[3 8]][[3.8474596 7.98457  ]]
[4 1][ 0 -1][[4 1]][[4.1347213 0.2090755]]
[4 1][-1  0][[3 1]][[3.2822776  0.91380537]]
[4 1][0 1][[4 1]][[4.0771556 1.8148893]]
[4 1][1 0][[5 1]][[5.007217  0.9681251]]
[4 6][ 0 -1][[4 6]][[4.1828136 5.2848682]]
[4 6][-1  0][[3 6]][[3.2966368 6.037326 ]]
[4 6][0 1][[4 6]][[4.042741 6.712108]]
[4 6][1 0][[5 6]][[4.979226  5.9949584]]
[5 0][ 0 -1][[5 0]][[5.057421   0.01598652]]
[5 0][-1  0][[5 0]][[ 4.4189496  -0.01726784]]
[5 0][0 1][[5 1]][[5.050573  0.9604056]]
[5 0][1 0][[6 0]][[ 5.9331684  -0.01663782]]
[5 1][ 0 -1][[5 0]][[5.104757   0.14608257]]
[5 1][-1  0][[4 1]][[4.362043  1.0019125]]
[5 1][0 1][[5 2]][[5.0823154 1.9084969]]
[5 1][1 0][[6 1]][[5.9327574 0.9773251]]
[5 2][ 0 -1][[5 1]][[5.0806727 1.0301276]]
[5 2][-1  0][[5 2]][[4.4981246 2.0398445]]
[5 2][0 1][[5 3]][[5.0717773 2.6927438]]
[5 2][1 0][[6 2]][[5.9108553 2.0379024]]
[5 3][ 0 -1][[5 2]][[5.066001 2.097689]]
[5 3][-1  0][[5 3]][[4.61277  3.057276]]
[5 3][0 1][[5 3]][[5.0843287 3.5754797]]
[5 3][1 0][[6 3]][[5.8905663 2.9984636]]
[5 5][ 0 -1][[5 5]][[5.1086555 4.2683043]]
[5 5][-1  0][[5 5]][[4.583311 5.073572]]
[5 5][0 1][[5 6]][[5.093606  5.8064194]]
[5 5][1 0][[6 5]][[6.0117626 5.067257 ]]
[5 6][ 0 -1][[5 5]][[5.169954  5.1847477]]
[5 6][-1  0][[4 6]][[4.483563 6.062219]]
[5 6][0 1][[5 7]][[5.1037436 6.694066 ]]
[5 6][1 0][[6 6]][[6.056599  6.0354466]]
[5 7][ 0 -1][[5 6]][[5.0743814 6.2173233]]
[5 7][-1  0][[5 7]][[4.431788 7.038405]]
[5 7][0 1][[5 8]][[5.038887 7.666096]]
[5 7][1 0][[6 7]][[5.992388  6.9529095]]
[5 8][ 0 -1][[5 7]][[4.9856367 7.247116 ]]
[5 8][-1  0][[5 8]][[4.380015 8.014589]]
[5 8][0 1][[5 8]][[5.0107603 8.643448 ]]
[5 8][1 0][[6 8]][[5.912353 7.9338  ]]
[6 0][ 0 -1][[6 0]][[ 6.021583  -0.0289091]]
[6 0][-1  0][[5 0]][[ 5.254763   -0.01505469]]
[6 0][0 1][[6 1]][[6.031025 0.983042]]
[6 0][1 0][[7 0]][[ 6.8065095e+00 -1.2556762e-03]]
[6 1][ 0 -1][[6 0]][[6.071135   0.08497457]]
[6 1][-1  0][[5 1]][[5.198207  0.9963777]]
[6 1][0 1][[6 2]][[6.062434  1.9474599]]
[6 1][1 0][[7 1]][[6.812149   0.98140514]]
[6 2][ 0 -1][[6 1]][[6.0309305  0.98074985]]
[6 2][-1  0][[5 2]][[5.279497  2.0150971]]
[6 2][0 1][[6 3]][[6.0598044 2.7379413]]
[6 2][1 0][[7 2]][[6.8380523 2.0225034]]
[6 3][ 0 -1][[6 2]][[6.0522575 2.0809858]]
[6 3][-1  0][[5 3]][[5.3813252 3.0166345]]
[6 3][0 1][[6 4]][[6.0377626 3.5663207]]
[6 3][1 0][[7 3]][[6.808461  3.0139165]]
[6 4][ 0 -1][[6 3]][[6.0574245 3.2210402]]
[6 4][-1  0][[6 4]][[5.491303 4.075464]]
[6 4][0 1][[6 5]][[6.073198  4.6801934]]
[6 4][1 0][[6 4]][[6.800281  3.9942513]]
[6 5][ 0 -1][[6 4]][[6.0651555 4.2253337]]
[6 5][-1  0][[5 5]][[5.4337597 5.1185017]]
[6 5][0 1][[6 6]][[6.081257 5.800263]]
[6 5][1 0][[7 5]][[6.8319974 5.059259 ]]
[6 6][ 0 -1][[6 5]][[6.051557 5.213654]]
[6 6][-1  0][[5 6]][[5.3897824 6.071958 ]]
[6 6][0 1][[6 7]][[6.0482616 6.8481145]]
[6 6][1 0][[7 6]][[6.9600196 6.069331 ]]
[6 7][ 0 -1][[6 6]][[6.0588737 6.129328 ]]
[6 7][-1  0][[5 7]][[5.375099 6.997075]]
[6 7][0 1][[6 8]][[6.1025567 7.664858 ]]
[6 7][1 0][[7 7]][[6.9430623 7.044518 ]]
[6 8][ 0 -1][[6 7]][[5.96595  7.149779]]
[6 8][-1  0][[5 8]][[5.323326  7.9732594]]
[6 8][0 1][[6 8]][[6.04824  8.620483]]
[6 8][1 0][[7 8]][[6.8865695 7.9498963]]
[7 0][ 0 -1][[7 0]][[ 6.9796934  -0.06738128]]
[7 0][-1  0][[6 0]][[ 6.0898595  -0.00802155]]
[7 0][0 1][[7 1]][[6.9932876 1.0223991]]
[7 0][1 0][[8 0]][[ 7.5964956  -0.01783574]]
[7 1][ 0 -1][[7 0]][[7.035319   0.03847641]]
[7 1][-1  0][[6 1]][[6.0305996 0.9889308]]
[7 1][0 1][[7 2]][[7.024697  1.9868171]]
[7 1][1 0][[8 1]][[7.6031322  0.95972586]]
[7 2][ 0 -1][[7 1]][[6.987152  0.9338999]]
[7 2][-1  0][[6 2]][[6.06741   2.0001202]]
[7 2][0 1][[7 3]][[7.0580063 2.8228948]]
[7 2][1 0][[8 2]][[7.6149797 1.9719326]]
[7 3][ 0 -1][[7 2]][[6.998972  2.0294702]]
[7 3][-1  0][[6 3]][[6.155118  2.9847045]]
[7 3][0 1][[7 3]][[6.9923368 3.562173 ]]
[7 3][1 0][[8 3]][[7.6366744 3.0090392]]
[7 5][ 0 -1][[7 5]][[6.9876857 4.2517385]]
[7 5][-1  0][[6 5]][[6.312291 5.093072]]
[7 5][0 1][[7 6]][[7.061414 5.785192]]
[7 5][1 0][[8 5]][[7.652913  5.0076146]]
[7 6][ 0 -1][[7 5]][[6.9672914 5.20939  ]]
[7 6][-1  0][[6 6]][[6.26056   6.1131153]]
[7 6][0 1][[7 7]][[7.044634  6.8506308]]
[7 6][1 0][[8 6]][[7.6905155 6.0683217]]
[7 7][ 0 -1][[7 6]][[6.966353 6.14633 ]]
[7 7][-1  0][[6 7]][[6.226698 7.050325]]
[7 7][0 1][[7 8]][[6.9984074 7.8660417]]
[7 7][1 0][[8 7]][[7.817352  7.0587773]]
[7 8][ 0 -1][[7 7]][[6.948372 7.069071]]
[7 8][-1  0][[6 8]][[6.2551026 7.937058 ]]
[7 8][0 1][[7 8]][[7.0535965 8.679568 ]]
[7 8][1 0][[8 8]][[7.7792087 8.027951 ]]
[8 0][ 0 -1][[8 0]][[ 7.929842  -0.1081212]]
[8 0][-1  0][[7 0]][[6.9241366e+00 6.0594082e-03]]
[8 0][0 1][[8 1]][[7.947008  1.0584823]]
[8 0][1 0][[8 0]][[ 8.38694    -0.03403366]]
[8 1][ 0 -1][[8 0]][[7.996682   0.00885418]]
[8 1][-1  0][[7 1]][[6.8629923 0.9814831]]
[8 1][0 1][[8 2]][[7.975425  2.0220304]]
[8 1][1 0][[8 1]][[8.394115   0.93804634]]
[8 2][ 0 -1][[8 1]][[7.946289  0.8882332]]
[8 2][-1  0][[7 2]][[6.865524  2.0302386]]
[8 2][0 1][[8 3]][[8.009424 2.903261]]
[8 2][1 0][[8 2]][[8.397302  1.9359913]]
[8 3][ 0 -1][[8 2]][[7.9148254 2.006326 ]]
[8 3][-1  0][[7 3]][[6.9289103 2.9527733]]
[8 3][0 1][[8 3]][[7.9542847 3.5814474]]
[8 3][1 0][[8 3]][[8.456299  3.0129335]]
[8 5][ 0 -1][[8 5]][[7.8661947 4.305693 ]]
[8 5][-1  0][[7 5]][[7.1754045 5.0367165]]
[8 5][0 1][[8 6]][[8.01397   5.7357388]]
[8 5][1 0][[8 5]][[8.472134  4.9652195]]
[8 6][ 0 -1][[8 5]][[7.8371096 5.2557845]]
[8 6][-1  0][[7 6]][[7.133301 6.099111]]
[8 6][0 1][[8 7]][[7.982877  6.8309846]]
[8 6][1 0][[8 6]][[8.499491 6.018231]]
[8 7][ 0 -1][[8 6]][[7.806968 6.21164 ]]
[8 7][-1  0][[7 7]][[7.0873566 7.107729 ]]
[8 7][0 1][[8 8]][[7.9578166 7.881039 ]]
[8 7][1 0][[8 7]][[8.563221  7.0645328]]
[8 8][ 0 -1][[8 7]][[7.812819 7.119245]]
[8 8][-1  0][[7 8]][[7.078798 8.021798]]
[8 8][0 1][[8 8]][[7.932705 8.858856]]
[8 8][1 0][[8 8]][[8.674554 8.048278]]
