[0 0][ 0 -1][[0 0]][[-0.2869407   0.00708111]]
[0 0][-1  0][[0 0]][[-0.41851896 -0.07939819]]
[0 0][0 1][[0 1]][[-0.15144683  1.017843  ]]
[0 0][1 0][[1 0]][[0.5877957  0.08336566]]
[0 1][ 0 -1][[0 0]][[-0.22640093 -0.01070248]]
[0 1][-1  0][[0 1]][[-0.3819474  0.7847293]]
[0 1][0 1][[0 2]][[-0.06793816  2.0441597 ]]
[0 1][1 0][[1 1]][[1.0660151 1.0312493]]
[0 2][ 0 -1][[0 1]][[0.00149   0.8815428]]
[0 2][-1  0][[0 2]][[-0.11974581  1.9966302 ]]
[0 2][0 1][[0 3]][[-0.00530967  2.9672596 ]]
[0 2][1 0][[1 2]][[0.97244024 1.9929165 ]]
[0 3][ 0 -1][[0 2]][[-6.4460933e-04  1.9873773e+00]]
[0 3][-1  0][[0 3]][[-0.13430877  3.0104256 ]]
[0 3][0 1][[0 3]][[0.07502489 3.061573  ]]
[0 3][1 0][[1 3]][[1.0206312 3.0089686]]
[0 5][ 0 -1][[0 5]][[-0.15577365  4.256525  ]]
[0 5][-1  0][[0 5]][[0.14742684 5.026939  ]]
[0 5][0 1][[0 6]][[-0.02449782  5.9775124 ]]
[0 5][1 0][[1 5]][[0.88013667 5.107781  ]]
[0 6][ 0 -1][[0 5]][[-0.04422115  5.0675983 ]]
[0 6][-1  0][[0 6]][[-0.02265619  6.0354586 ]]
[0 6][0 1][[0 7]][[-0.01887718  6.995723  ]]
[0 6][1 0][[1 6]][[0.9900491 6.055284 ]]
[0 7][ 0 -1][[0 6]][[0.05984066 5.963341  ]]
[0 7][-1  0][[0 7]][[-0.01410405  7.0514226 ]]
[0 7][0 1][[0 8]][[-0.03058626  7.8296204 ]]
[0 7][1 0][[1 7]][[1.1242394 6.9945974]]
[0 8][ 0 -1][[0 7]][[0.2596553 6.8491664]]
[0 8][-1  0][[0 8]][[0.02396773 8.066288  ]]
[0 8][0 1][[0 8]][[0.03939588 8.657075  ]]
[0 8][1 0][[1 8]][[1.3700331 7.8679633]]
[1 0][ 0 -1][[1 0]][[ 0.74127406 -0.16293818]]
[1 0][-1  0][[0 0]][[ 0.19969183 -0.04060496]]
[1 0][0 1][[1 1]][[0.9731308 0.9912558]]
[1 0][1 0][[2 0]][[ 1.4469296  -0.29605728]]
[1 1][ 0 -1][[1 0]][[ 0.9745176  -0.03176529]]
[1 1][-1  0][[0 1]][[-0.00322351  0.95202684]]
[1 1][0 1][[1 2]][[0.96654534 2.007845  ]]
[1 1][1 0][[2 1]][[1.9864615 1.0107234]]
[1 2][ 0 -1][[1 1]][[0.9951132 0.9766746]]
[1 2][-1  0][[0 2]][[-0.01939186  2.050861  ]]
[1 2][0 1][[1 3]][[0.9637002 3.0112047]]
[1 2][1 0][[2 2]][[1.9761865 1.9844079]]
[1 3][ 0 -1][[1 2]][[0.9730928 2.016988 ]]
[1 3][-1  0][[0 3]][[0.13072135 2.9518557 ]]
[1 3][0 1][[1 4]][[0.97518677 4.004489  ]]
[1 3][1 0][[2 3]][[1.943459  3.0096638]]
[1 4][ 0 -1][[1 3]][[1.0046437 3.0219703]]
[1 4][-1  0][[1 4]][[0.7656969 4.0140758]]
[1 4][0 1][[1 5]][[0.97742325 5.0050607 ]]
[1 4][1 0][[1 4]][[1.3598564 4.0095367]]
[1 5][ 0 -1][[1 4]][[0.9686743 4.035154 ]]
[1 5][-1  0][[0 5]][[0.03720014 5.0266924 ]]
[1 5][0 1][[1 6]][[0.96994555 6.0048604 ]]
[1 5][1 0][[2 5]][[1.6511363 5.018103 ]]
[1 6][ 0 -1][[1 5]][[1.0449419 5.0116363]]
[1 6][-1  0][[0 6]][[0.0126674 6.0147586]]
[1 6][0 1][[1 7]][[0.98846024 7.007813  ]]
[1 6][1 0][[2 6]][[1.9187785 6.011385 ]]
[1 7][ 0 -1][[1 6]][[1.1409011 5.9794827]]
[1 7][-1  0][[0 7]][[0.02093552 6.9944787 ]]
[1 7][0 1][[1 8]][[0.9627477 7.639168 ]]
[1 7][1 0][[2 7]][[2.0374074 7.0018387]]
[1 8][ 0 -1][[1 7]][[1.1981971 6.9039116]]
[1 8][-1  0][[0 8]][[0.10256957 7.893149  ]]
[1 8][0 1][[1 8]][[0.98811305 8.174511  ]]
[1 8][1 0][[2 8]][[2.110462 7.98386 ]]
[2 0][ 0 -1][[2 0]][[ 2.068533   -0.11221053]]
[2 0][-1  0][[1 0]][[ 0.990717   -0.02244384]]
[2 0][0 1][[2 1]][[1.9739314 1.0345572]]
[2 0][1 0][[3 0]][[2.4291327 0.0494267]]
[2 1][ 0 -1][[2 0]][[ 1.9829183  -0.01630002]]
[2 1][-1  0][[1 1]][[0.97304636 0.99923617]]
[2 1][0 1][[2 2]][[1.9574813 2.0049043]]
[2 1][1 0][[3 1]][[2.9657474 1.0679384]]
[2 2][ 0 -1][[2 1]][[2.0085146 0.940652 ]]
[2 2][-1  0][[1 2]][[0.96364236 2.0029557 ]]
[2 2][0 1][[2 3]][[1.9877187 3.015751 ]]
[2 2][1 0][[3 2]][[3.0268745 1.986102 ]]
[2 3][ 0 -1][[2 2]][[2.0312836 2.1107354]]
[2 3][-1  0][[1 3]][[0.9927639 2.9993312]]
[2 3][0 1][[2 3]][[2.034109  3.1443045]]
[2 3][1 0][[3 3]][[2.9318633 3.017821 ]]
[2 5][ 0 -1][[2 5]][[1.8428221 4.2475305]]
[2 5][-1  0][[1 5]][[0.9996853 5.0442257]]
[2 5][0 1][[2 6]][[2.0889075 5.485133 ]]
[2 5][1 0][[3 5]][[2.63508   5.2994223]]
[2 6][ 0 -1][[2 5]][[1.9125875 5.1487784]]
[2 6][-1  0][[1 6]][[0.9952702 6.0320315]]
[2 6][0 1][[2 7]][[2.0681083 6.4542327]]
[2 6][1 0][[3 6]][[2.613421 6.231228]]
[2 7][ 0 -1][[2 6]][[1.9897051 6.029555 ]]
[2 7][-1  0][[1 7]][[0.9320195 6.94424  ]]
[2 7][0 1][[2 8]][[2.062723 7.323367]]
[2 7][1 0][[3 7]][[2.6716084 7.109816 ]]
[2 8][ 0 -1][[2 7]][[2.032302 6.879059]]
[2 8][-1  0][[1 8]][[0.9579451 7.8384204]]
[2 8][0 1][[2 8]][[2.067848 8.161556]]
[2 8][1 0][[3 8]][[2.6990194 7.9847555]]
[3 0][ 0 -1][[3 0]][[ 2.8668141  -0.07363584]]
[3 0][-1  0][[2 0]][[2.1718576  0.02522811]]
[3 0][0 1][[3 1]][[2.9710417  0.96965575]]
[3 0][1 0][[3 0]][[ 3.0211368  -0.04093649]]
[3 1][ 0 -1][[3 0]][[2.8976908  0.17779467]]
[3 1][-1  0][[2 1]][[2.0001922 0.9988945]]
[3 1][0 1][[3 2]][[2.9817905 2.0024195]]
[3 1][1 0][[4 1]][[3.9431484  0.95384467]]
[3 2][ 0 -1][[3 1]][[2.9903064 1.07526  ]]
[3 2][-1  0][[2 2]][[1.9967158 1.9945955]]
[3 2][0 1][[3 3]][[2.8641486 2.980897 ]]
[3 2][1 0][[3 2]][[3.172928  2.0209014]]
[3 3][ 0 -1][[3 2]][[2.9997237 2.0354497]]
[3 3][-1  0][[2 3]][[2.0207412 2.9748988]]
[3 3][0 1][[3 3]][[2.8395865 2.8655841]]
[3 3][1 0][[3 3]][[3.0540342 3.1062877]]
[3 5][ 0 -1][[3 5]][[2.8940432 4.173377 ]]
[3 5][-1  0][[2 5]][[2.3886056 5.0408587]]
[3 5][0 1][[3 6]][[3.1059892 5.123982 ]]
[3 5][1 0][[3 5]][[3.275894 5.265243]]
[3 6][ 0 -1][[3 5]][[2.811426  5.1608505]]
[3 6][-1  0][[2 6]][[2.5646803 6.0762625]]
[3 6][0 1][[3 7]][[3.2030668 6.3002157]]
[3 6][1 0][[4 6]][[3.301614  6.2563715]]
[3 7][ 0 -1][[3 6]][[2.7028182 5.998891 ]]
[3 7][-1  0][[2 7]][[2.6898067 7.048567 ]]
[3 7][0 1][[3 8]][[3.167586 7.367607]]
[3 7][1 0][[3 7]][[3.1832862 7.191485 ]]
[3 8][ 0 -1][[3 7]][[2.677379  6.8578877]]
[3 8][-1  0][[2 8]][[2.6076837 7.943929 ]]
[3 8][0 1][[3 8]][[3.0732589 8.283394 ]]
[3 8][1 0][[3 8]][[3.1513462 8.07604  ]]
[4 1][ 0 -1][[4 1]][[4.107473  0.6896443]]
[4 1][-1  0][[3 1]][[3.003666  0.9806638]]
[4 1][0 1][[4 1]][[3.9081943 1.3636457]]
[4 1][1 0][[5 1]][[4.951885  0.9890002]]
[4 6][ 0 -1][[4 6]][[4.1290636 5.1518807]]
[4 6][-1  0][[3 6]][[3.8866801 6.055171 ]]
[4 6][0 1][[4 6]][[4.1274643 6.279503 ]]
[4 6][1 0][[5 6]][[4.402583 6.377334]]
[5 0][ 0 -1][[5 0]][[ 4.9943137  -0.01016591]]
[5 0][-1  0][[5 0]][[4.8264174  0.02189692]]
[5 0][0 1][[5 1]][[5.0175533  0.96863747]]
[5 0][1 0][[6 0]][[5.9919791e+00 1.2193695e-03]]
[5 1][ 0 -1][[5 0]][[4.950606  0.3653735]]
[5 1][-1  0][[4 1]][[4.026313  0.9747207]]
[5 1][0 1][[5 2]][[5.026533  1.7446682]]
[5 1][1 0][[6 1]][[6.0641994 0.983345 ]]
[5 2][ 0 -1][[5 1]][[4.9868064 1.0206105]]
[5 2][-1  0][[5 2]][[5.034109  1.9835935]]
[5 2][0 1][[5 3]][[5.0976195 2.9566958]]
[5 2][1 0][[6 2]][[5.9290223 2.0064857]]
[5 3][ 0 -1][[5 2]][[5.031027  2.0128775]]
[5 3][-1  0][[5 3]][[5.0279946 2.9403605]]
[5 3][0 1][[5 3]][[4.933882  3.1911132]]
[5 3][1 0][[6 3]][[5.4036527 3.3603487]]
[5 5][ 0 -1][[5 5]][[4.907982 4.107265]]
[5 5][-1  0][[5 5]][[4.637726 5.1094  ]]
[5 5][0 1][[5 6]][[4.793604  5.3404636]]
[5 5][1 0][[6 5]][[5.2250934 5.427568 ]]
[5 6][ 0 -1][[5 5]][[4.9502826 5.20539  ]]
[5 6][-1  0][[4 6]][[4.65376   6.1203303]]
[5 6][0 1][[5 7]][[4.9238276 6.4108686]]
[5 6][1 0][[6 6]][[5.3640876 6.486538 ]]
[5 7][ 0 -1][[5 6]][[5.096471  6.2307253]]
[5 7][-1  0][[5 7]][[4.753888  7.0913267]]
[5 7][0 1][[5 8]][[5.0295877 7.402413 ]]
[5 7][1 0][[6 7]][[5.5048  7.46703]]
[5 8][ 0 -1][[5 7]][[5.2452803 7.18678  ]]
[5 8][-1  0][[5 8]][[4.822817 8.038018]]
[5 8][0 1][[5 8]][[5.152857 8.355298]]
[5 8][1 0][[6 8]][[5.651054 8.426324]]
[6 0][ 0 -1][[6 0]][[5.9955997  0.01260807]]
[6 0][-1  0][[5 0]][[ 5.1684966  -0.05648906]]
[6 0][0 1][[6 1]][[6.0018606 0.9701772]]
[6 0][1 0][[7 0]][[ 7.0000491e+00 -6.9510415e-03]]
[6 1][ 0 -1][[6 0]][[5.9298444  0.12186419]]
[6 1][-1  0][[5 1]][[5.033587  0.9740692]]
[6 1][0 1][[6 2]][[6.0337505 1.9815164]]
[6 1][1 0][[7 1]][[7.0435934 0.9986305]]
[6 2][ 0 -1][[6 1]][[5.96654   1.0131289]]
[6 2][-1  0][[5 2]][[5.4185    2.0509272]]
[6 2][0 1][[6 3]][[6.1176944 2.9696972]]
[6 2][1 0][[7 2]][[7.12849   1.9946297]]
[6 3][ 0 -1][[6 2]][[6.031192  2.0219915]]
[6 3][-1  0][[5 3]][[5.685713  3.0087106]]
[6 3][0 1][[6 4]][[6.0679235 3.3257673]]
[6 3][1 0][[7 3]][[6.6689587 3.3105617]]
[6 4][ 0 -1][[6 3]][[6.0167456 3.1015835]]
[6 4][-1  0][[6 4]][[5.694773 3.997171]]
[6 4][0 1][[6 5]][[5.9266496 4.434836 ]]
[6 4][1 0][[6 4]][[6.371112 4.417441]]
[6 5][ 0 -1][[6 4]][[5.8901176 4.140241 ]]
[6 5][-1  0][[5 5]][[5.498874  5.0801864]]
[6 5][0 1][[6 6]][[5.81005   5.4906588]]
[6 5][1 0][[7 5]][[6.2692432 5.4208326]]
[6 6][ 0 -1][[6 5]][[5.859336  5.1769633]]
[6 6][-1  0][[5 6]][[5.43632   6.1667414]]
[6 6][0 1][[6 7]][[5.7397842 6.532135 ]]
[6 6][1 0][[7 6]][[6.309521  6.4922543]]
[6 7][ 0 -1][[6 6]][[5.9252276 6.2746744]]
[6 7][-1  0][[5 7]][[5.518094  7.1532893]]
[6 7][0 1][[6 8]][[5.8025675 7.4960885]]
[6 7][1 0][[7 7]][[6.4324017 7.557164 ]]
[6 8][ 0 -1][[6 7]][[6.058743 7.301181]]
[6 8][-1  0][[5 8]][[5.6190305 8.129408 ]]
[6 8][0 1][[6 8]][[5.9107013 8.464104 ]]
[6 8][1 0][[7 8]][[6.5295324 8.53038  ]]
[7 0][ 0 -1][[7 0]][[7.0414042  0.01256529]]
[7 0][-1  0][[6 0]][[ 6.1049643  -0.03819598]]
[7 0][0 1][[7 1]][[7.0147066 0.9747281]]
[7 0][1 0][[8 0]][[ 7.591891   -0.01960422]]
[7 1][ 0 -1][[7 0]][[6.9894376  0.03565004]]
[7 1][-1  0][[6 1]][[6.056303  0.9665223]]
[7 1][0 1][[7 2]][[7.0118213 2.0428622]]
[7 1][1 0][[8 1]][[7.6208906 1.0071256]]
[7 2][ 0 -1][[7 1]][[7.0225697 1.0148922]]
[7 2][-1  0][[6 2]][[6.1843    2.0267677]]
[7 2][0 1][[7 3]][[7.105734  3.0096803]]
[7 2][1 0][[8 2]][[7.8358073 2.030552 ]]
[7 3][ 0 -1][[7 2]][[7.0720296 2.0395193]]
[7 3][-1  0][[6 3]][[6.442823  3.0096695]]
[7 3][0 1][[7 3]][[7.108295  3.3893802]]
[7 3][1 0][[8 3]][[7.6869893 3.2351894]]
[7 5][ 0 -1][[7 5]][[6.983365 4.18567 ]]
[7 5][-1  0][[6 5]][[6.4838595 5.1107297]]
[7 5][0 1][[7 6]][[6.8676004 5.630301 ]]
[7 5][1 0][[8 5]][[7.2883835 5.4402122]]
[7 6][ 0 -1][[7 5]][[6.846259 5.21661 ]]
[7 6][-1  0][[6 6]][[6.335724 6.157329]]
[7 6][0 1][[7 7]][[6.7227507 6.6192636]]
[7 6][1 0][[8 6]][[7.200643 6.467265]]
[7 7][ 0 -1][[7 6]][[6.8428683 6.2354813]]
[7 7][-1  0][[6 7]][[6.302468  7.2161875]]
[7 7][0 1][[7 8]][[6.619905  7.6079636]]
[7 7][1 0][[8 7]][[7.1973057 7.53873  ]]
[7 8][ 0 -1][[7 7]][[6.8661375 7.329457 ]]
[7 8][-1  0][[6 8]][[6.395304 8.205253]]
[7 8][0 1][[7 8]][[6.673606 8.567849]]
[7 8][1 0][[8 8]][[7.264909 8.601925]]
[8 0][ 0 -1][[8 0]][[ 7.992026   -0.04567703]]
[8 0][-1  0][[7 0]][[ 7.045866   -0.02545149]]
[8 0][0 1][[8 1]][[8.038777   0.99045056]]
[8 0][1 0][[8 0]][[ 8.094489   -0.02920026]]
[8 1][ 0 -1][[8 0]][[ 8.030315   -0.01274411]]
[8 1][-1  0][[7 1]][[7.0363164 0.9699682]]
[8 1][0 1][[8 2]][[7.943254  2.0298884]]
[8 1][1 0][[8 1]][[8.064419   0.99568826]]
[8 2][ 0 -1][[8 1]][[8.130268   0.98645926]]
[8 2][-1  0][[7 2]][[6.920481  2.0023746]]
[8 2][0 1][[8 3]][[8.03797   3.0135503]]
[8 2][1 0][[8 2]][[8.234318 2.101617]]
[8 3][ 0 -1][[8 2]][[8.100338  2.0775769]]
[8 3][-1  0][[7 3]][[7.2140994 2.9931974]]
[8 3][0 1][[8 3]][[8.109217  3.4499784]]
[8 3][1 0][[8 3]][[8.309354 3.214983]]
[8 5][ 0 -1][[8 5]][[7.983791 4.216413]]
[8 5][-1  0][[7 5]][[7.4316077 5.1174917]]
[8 5][0 1][[8 6]][[7.891269  5.6525316]]
[8 5][1 0][[8 5]][[8.046475  5.4344068]]
[8 6][ 0 -1][[8 5]][[7.892515  5.2640667]]
[8 6][-1  0][[7 6]][[7.2966833 6.1789236]]
[8 6][0 1][[8 7]][[7.7192454 6.6688   ]]
[8 6][1 0][[8 6]][[8.004461 6.47719 ]]
[8 7][ 0 -1][[8 6]][[7.7744966 6.2753177]]
[8 7][-1  0][[7 7]][[7.2019434 7.215421 ]]
[8 7][0 1][[8 8]][[7.5741744 7.6579847]]
[8 7][1 0][[8 7]][[7.910631 7.500307]]
[8 8][ 0 -1][[8 7]][[7.7210665 7.2903433]]
[8 8][-1  0][[7 8]][[7.169423 8.265067]]
[8 8][0 1][[8 8]][[7.4722047 8.660425 ]]
[8 8][1 0][[8 8]][[7.9025087 8.572735 ]]
