[0 0][ 0 -1][[0 0]][[ 0.08354849 -0.12442422]]
[0 0][-1  0][[0 0]][[-0.22180384  0.20630789]]
[0 0][0 1][[0 1]][[-0.03033883  1.220783  ]]
[0 0][1 0][[1 0]][[1.0250169  0.09305562]]
[0 1][ 0 -1][[0 0]][[0.02088064 0.06331998]]
[0 1][-1  0][[0 1]][[-0.19101685  1.0788382 ]]
[0 1][0 1][[0 2]][[-0.00308032  2.0676975 ]]
[0 1][1 0][[1 1]][[0.9076717 1.062456 ]]
[0 2][ 0 -1][[0 1]][[-0.06168235  0.9164071 ]]
[0 2][-1  0][[0 2]][[-0.16357885  2.1239066 ]]
[0 2][0 1][[0 3]][[-0.10748497  2.913775  ]]
[0 2][1 0][[1 2]][[0.9461037 2.1119242]]
[0 3][ 0 -1][[0 2]][[-0.01913351  2.1736608 ]]
[0 3][-1  0][[0 3]][[-0.10742141  3.1457195 ]]
[0 3][0 1][[0 3]][[-0.1071647  3.6601133]]
[0 3][1 0][[1 3]][[0.8529688 3.0901113]]
[0 5][ 0 -1][[0 5]][[0.13792819 4.4650483 ]]
[0 5][-1  0][[0 5]][[-0.12298179  5.1014977 ]]
[0 5][0 1][[0 6]][[0.03803307 5.8399587 ]]
[0 5][1 0][[1 5]][[0.9688498 5.134081 ]]
[0 6][ 0 -1][[0 5]][[0.12411563 5.4564977 ]]
[0 6][-1  0][[0 6]][[-0.16578305  6.059117  ]]
[0 6][0 1][[0 7]][[0.02215575 6.8169594 ]]
[0 6][1 0][[1 6]][[0.9448407 6.131419 ]]
[0 7][ 0 -1][[0 6]][[0.12124487 6.447607  ]]
[0 7][-1  0][[0 7]][[-0.20463422  7.0091915 ]]
[0 7][0 1][[0 8]][[0.03163597 7.7666044 ]]
[0 7][1 0][[1 7]][[0.92054087 7.1281466 ]]
[0 8][ 0 -1][[0 7]][[0.12013877 7.439296  ]]
[0 8][-1  0][[0 8]][[-0.24079433  7.9573483 ]]
[0 8][0 1][[0 8]][[0.04673696 8.718094  ]]
[0 8][1 0][[1 8]][[0.92682356 8.117025  ]]
[1 0][ 0 -1][[1 0]][[ 1.0368557  -0.02523841]]
[1 0][-1  0][[0 0]][[0.08407682 0.08810534]]
[1 0][0 1][[1 1]][[0.8832225 1.1247404]]
[1 0][1 0][[2 0]][[2.0256524  0.08798274]]
[1 1][ 0 -1][[1 0]][[0.97579604 0.07449837]]
[1 1][-1  0][[0 1]][[0.11183611 0.9786613 ]]
[1 1][0 1][[1 2]][[0.99128634 2.0634856 ]]
[1 1][1 0][[2 1]][[1.9315037 1.0357604]]
[1 2][ 0 -1][[1 1]][[0.99642366 0.8641981 ]]
[1 2][-1  0][[0 2]][[0.15813261 2.0857067 ]]
[1 2][0 1][[1 3]][[0.99768066 2.8469272 ]]
[1 2][1 0][[2 2]][[1.9179229 2.0635414]]
[1 3][ 0 -1][[1 2]][[1.022207  2.1286879]]
[1 3][-1  0][[0 3]][[0.1804173 3.1098566]]
[1 3][0 1][[1 4]][[0.86847204 3.6226087 ]]
[1 3][1 0][[2 3]][[1.9034063 3.0772176]]
[1 4][ 0 -1][[1 3]][[1.1014705 3.366434 ]]
[1 4][-1  0][[1 4]][[0.25756508 4.1026955 ]]
[1 4][0 1][[1 5]][[0.9205674 4.7485785]]
[1 4][1 0][[1 4]][[1.8044537 4.084878 ]]
[1 5][ 0 -1][[1 4]][[1.1607137 4.482082 ]]
[1 5][-1  0][[0 5]][[0.21931155 5.0652976 ]]
[1 5][0 1][[1 6]][[0.9998611 5.848545 ]]
[1 5][1 0][[2 5]][[1.8695945 5.1201277]]
[1 6][ 0 -1][[1 5]][[1.086003  5.4712024]]
[1 6][-1  0][[0 6]][[0.1771934 6.0265336]]
[1 6][0 1][[1 7]][[0.9555469 6.8294663]]
[1 6][1 0][[2 6]][[1.8974104 6.129426 ]]
[1 7][ 0 -1][[1 6]][[1.0254606 6.4617915]]
[1 7][-1  0][[0 7]][[0.13878311 6.9886594 ]]
[1 7][0 1][[1 8]][[0.92053145 7.8059106 ]]
[1 7][1 0][[2 7]][[1.8803265 7.1193357]]
[1 8][ 0 -1][[1 7]][[0.97935355 7.4592366 ]]
[1 8][-1  0][[0 8]][[0.10825123 7.950044  ]]
[1 8][0 1][[1 8]][[0.8855149 8.782356 ]]
[1 8][1 0][[2 8]][[1.8632437 8.109244 ]]
[2 0][ 0 -1][[2 0]][[2.0183723  0.06974986]]
[2 0][-1  0][[1 0]][[0.87757814 0.02607784]]
[2 0][0 1][[2 1]][[1.851242  1.0164226]]
[2 0][1 0][[3 0]][[2.9848058  0.08299276]]
[2 1][ 0 -1][[2 0]][[1.900571   0.16691822]]
[2 1][-1  0][[1 1]][[0.928549  0.9605683]]
[2 1][0 1][[2 2]][[1.9599973 1.9565486]]
[2 1][1 0][[3 1]][[2.9122765 1.0415964]]
[2 2][ 0 -1][[2 1]][[1.9535604  0.89680517]]
[2 2][-1  0][[1 2]][[0.97141284 1.9926223 ]]
[2 2][0 1][[2 3]][[2.0609434 2.8986259]]
[2 2][1 0][[3 2]][[2.7906923 2.0051742]]
[2 3][ 0 -1][[2 2]][[2.003536  2.0829444]]
[2 3][-1  0][[1 3]][[0.89450777 3.0587487 ]]
[2 3][0 1][[2 3]][[1.936182 3.545392]]
[2 3][1 0][[3 3]][[2.8589509 3.0077147]]
[2 5][ 0 -1][[2 5]][[2.1394134 4.474828 ]]
[2 5][-1  0][[1 5]][[0.91252965 5.0767117 ]]
[2 5][0 1][[2 6]][[1.9979213 5.781405 ]]
[2 5][1 0][[3 5]][[2.7854564 5.0694613]]
[2 6][ 0 -1][[2 5]][[2.055748  5.4652753]]
[2 6][-1  0][[1 6]][[0.8703884 6.04515  ]]
[2 6][0 1][[2 7]][[1.9414824 6.771358 ]]
[2 6][1 0][[3 6]][[2.7938313 6.0893674]]
[2 7][ 0 -1][[2 6]][[1.9771209 6.4473195]]
[2 7][-1  0][[1 7]][[0.84398156 7.025834  ]]
[2 7][0 1][[2 8]][[1.8788707 7.7543144]]
[2 7][1 0][[3 7]][[2.7616415 7.0761967]]
[2 8][ 0 -1][[2 7]][[1.9154898 7.4282103]]
[2 8][-1  0][[1 8]][[0.85571223 8.000977  ]]
[2 8][0 1][[2 8]][[1.8346574 8.731386 ]]
[2 8][1 0][[3 8]][[2.744558 8.066105]]
[3 0][ 0 -1][[3 0]][[3.0912976  0.16794589]]
[3 0][-1  0][[2 0]][[ 2.0283139  -0.01733024]]
[3 0][0 1][[3 1]][[2.8850832 1.0004852]]
[3 0][1 0][[3 0]][[3.9387937  0.05834852]]
[3 1][ 0 -1][[3 0]][[2.9868479  0.27056676]]
[3 1][-1  0][[2 1]][[2.0426385  0.93610954]]
[3 1][0 1][[3 2]][[2.9777684 1.8735852]]
[3 1][1 0][[4 1]][[4.004683  1.0238912]]
[3 2][ 0 -1][[3 1]][[2.9448261 0.9512683]]
[3 2][-1  0][[2 2]][[2.1651583 1.9798473]]
[3 2][0 1][[3 3]][[3.02532   2.8258476]]
[3 2][1 0][[3 2]][[3.758921  2.0518613]]
[3 3][ 0 -1][[3 2]][[3.0363011 2.1320038]]
[3 3][-1  0][[2 3]][[2.0700417 3.0115085]]
[3 3][0 1][[3 3]][[2.954986  3.6628428]]
[3 3][1 0][[3 3]][[3.7187274 2.9955354]]
[3 5][ 0 -1][[3 5]][[3.1527886 4.4102135]]
[3 5][-1  0][[2 5]][[2.0288696 5.036238 ]]
[3 5][0 1][[3 6]][[3.04082 5.6787 ]]
[3 5][1 0][[3 5]][[3.8729281 5.0008664]]
[3 6][ 0 -1][[3 5]][[3.1068835 5.4356074]]
[3 6][-1  0][[2 6]][[1.9689912 6.0357924]]
[3 6][0 1][[3 7]][[2.9958398 6.6865935]]
[3 6][1 0][[4 6]][[3.840782 6.037101]]
[3 7][ 0 -1][[3 6]][[2.998778 6.422042]]
[3 7][-1  0][[2 7]][[1.9327241 7.0214334]]
[3 7][0 1][[3 8]][[2.9157822 7.6691065]]
[3 7][1 0][[3 7]][[3.741067  7.0368137]]
[3 8][ 0 -1][[3 7]][[2.909718 7.39734 ]]
[3 8][-1  0][[2 8]][[1.8964577 8.007076 ]]
[3 8][0 1][[3 8]][[2.8357255 8.651621 ]]
[3 8][1 0][[3 8]][[3.6309292 8.022025 ]]
[4 1][ 0 -1][[4 1]][[4.0611634  0.34543014]]
[4 1][-1  0][[3 1]][[3.2117655  0.98759127]]
[4 1][0 1][[4 1]][[4.000717  1.8411785]]
[4 1][1 0][[5 1]][[5.0182185 1.0366038]]
[4 6][ 0 -1][[4 6]][[4.1518073 5.352544 ]]
[4 6][-1  0][[3 6]][[3.2376943 6.0082645]]
[4 6][0 1][[4 6]][[4.090165 6.59887 ]]
[4 6][1 0][[5 6]][[4.872553  6.0436645]]
[5 0][ 0 -1][[5 0]][[5.0661054  0.12252544]]
[5 0][-1  0][[5 0]][[4.5763726  0.05720066]]
[5 0][0 1][[5 1]][[5.018903  1.0092027]]
[5 0][1 0][[6 0]][[5.95767    0.07070789]]
[5 1][ 0 -1][[5 0]][[5.0668793  0.25294283]]
[5 1][-1  0][[4 1]][[4.421446  1.0457724]]
[5 1][0 1][[5 2]][[5.0160103 1.9270991]]
[5 1][1 0][[6 1]][[5.9619436 1.0516553]]
[5 2][ 0 -1][[5 1]][[5.004807  1.0973895]]
[5 2][-1  0][[5 2]][[4.5978384 2.151855 ]]
[5 2][0 1][[5 3]][[5.020637 2.755725]]
[5 2][1 0][[6 2]][[5.91654  2.070231]]
[5 3][ 0 -1][[5 2]][[4.975706  2.0982633]]
[5 3][-1  0][[5 3]][[4.7218814 3.1442103]]
[5 3][0 1][[5 3]][[4.943145 3.607224]]
[5 3][1 0][[6 3]][[5.7194777 3.0517316]]
[5 5][ 0 -1][[5 5]][[5.0882816 4.324713 ]]
[5 5][-1  0][[5 5]][[4.4707727 5.1656876]]
[5 5][0 1][[5 6]][[4.9523335 5.8972588]]
[5 5][1 0][[6 5]][[5.751328  5.0642896]]
[5 6][ 0 -1][[5 5]][[5.1422596 5.203696 ]]
[5 6][-1  0][[4 6]][[4.3561077 6.1074357]]
[5 6][0 1][[5 7]][[5.0137696 6.6998367]]
[5 6][1 0][[6 6]][[5.8942304 6.115359 ]]
[5 7][ 0 -1][[5 6]][[5.0199986 6.2430415]]
[5 7][-1  0][[5 7]][[4.4006    6.9942994]]
[5 7][0 1][[5 8]][[4.9886765 7.583782 ]]
[5 7][1 0][[6 7]][[5.86313   7.0593114]]
[5 8][ 0 -1][[5 7]][[4.8491454 7.261495 ]]
[5 8][-1  0][[5 8]][[4.381344  7.9453473]]
[5 8][0 1][[5 8]][[4.9476666 8.481816 ]]
[5 8][1 0][[6 8]][[5.7939277 7.941258 ]]
[6 0][ 0 -1][[6 0]][[6.068587   0.06366661]]
[6 0][-1  0][[5 0]][[5.353656   0.06116271]]
[6 0][0 1][[6 1]][[6.0509596 1.0467798]]
[6 0][1 0][[7 0]][[6.896475   0.09480239]]
[6 1][ 0 -1][[6 0]][[6.074077   0.16017225]]
[6 1][-1  0][[5 1]][[5.2297034 1.0666522]]
[6 1][0 1][[6 2]][[6.0217957 1.9884843]]
[6 1][1 0][[7 1]][[6.9109297 1.1013292]]
[6 2][ 0 -1][[6 1]][[6.0136504 1.0879353]]
[6 2][-1  0][[5 2]][[5.298855  2.1044807]]
[6 2][0 1][[6 3]][[6.0237765 2.751071 ]]
[6 2][1 0][[7 2]][[6.906184  2.1140547]]
[6 3][ 0 -1][[6 2]][[5.999953  2.1424065]]
[6 3][-1  0][[5 3]][[5.409848  3.1061926]]
[6 3][0 1][[6 4]][[5.9466333 3.5668397]]
[6 3][1 0][[7 3]][[6.7807193 3.1012049]]
[6 4][ 0 -1][[6 3]][[6.01965  3.248692]]
[6 4][-1  0][[6 4]][[5.550468 4.125319]]
[6 4][0 1][[6 5]][[5.9919486 4.8137674]]
[6 4][1 0][[6 4]][[6.619983 3.999424]]
[6 5][ 0 -1][[6 4]][[6.0557585 4.3720565]]
[6 5][-1  0][[5 5]][[5.3491826 5.139189 ]]
[6 5][0 1][[6 6]][[6.0328617 6.0130835]]
[6 5][1 0][[7 5]][[6.644706 5.072399]]
[6 6][ 0 -1][[6 5]][[6.035479  5.2222176]]
[6 6][-1  0][[5 6]][[5.222077 6.124108]]
[6 6][0 1][[6 7]][[5.9589696 6.91475  ]]
[6 6][1 0][[7 6]][[6.8417907 6.0962057]]
[6 7][ 0 -1][[6 6]][[6.058866 6.109445]]
[6 7][-1  0][[5 7]][[5.127415 7.052966]]
[6 7][0 1][[6 8]][[5.955707  7.6904907]]
[6 7][1 0][[7 7]][[6.8986077 7.119257 ]]
[6 8][ 0 -1][[6 7]][[5.8785796 7.1305118]]
[6 8][-1  0][[5 8]][[5.14751   7.9547267]]
[6 8][0 1][[6 8]][[5.8953424 8.567668 ]]
[6 8][1 0][[7 8]][[6.785318  8.0378065]]
[7 0][ 0 -1][[7 0]][[7.058172   0.01243024]]
[7 0][-1  0][[6 0]][[6.1272902  0.07526954]]
[7 0][0 1][[7 1]][[7.056745  1.1081651]]
[7 0][1 0][[8 0]][[7.5914807  0.08485368]]
[7 1][ 0 -1][[7 0]][[7.079904   0.08859766]]
[7 1][-1  0][[6 1]][[6.006987  1.0706146]]
[7 1][0 1][[7 2]][[7.0275807 2.04987  ]]
[7 1][1 0][[8 1]][[7.608307  1.0800054]]
[7 2][ 0 -1][[7 1]][[7.0136523 1.0635989]]
[7 2][-1  0][[6 2]][[6.0327106 2.0916557]]
[7 2][0 1][[7 3]][[7.036286 2.863688]]
[7 2][1 0][[8 2]][[7.6315875 2.095539 ]]
[7 3][ 0 -1][[7 2]][[7.0054784 2.1409144]]
[7 3][-1  0][[6 3]][[6.101201 3.072102]]
[7 3][0 1][[7 3]][[6.949348  3.5279384]]
[7 3][1 0][[8 3]][[7.6405497 3.1025167]]
[7 5][ 0 -1][[7 5]][[6.9307833 4.461667 ]]
[7 5][-1  0][[6 5]][[6.258014 5.124694]]
[7 5][0 1][[7 6]][[7.02978  5.987534]]
[7 5][1 0][[8 5]][[7.483156  5.0255337]]
[7 6][ 0 -1][[7 5]][[6.9286866 5.364207 ]]
[7 6][-1  0][[6 6]][[6.117572 6.104794]]
[7 6][0 1][[7 7]][[7.056676 7.027418]]
[7 6][1 0][[8 6]][[7.5355034 6.0959306]]
[7 7][ 0 -1][[7 6]][[6.9259152 6.1779394]]
[7 7][-1  0][[6 7]][[6.0074296 7.061536 ]]
[7 7][0 1][[7 8]][[6.9060855 7.884557 ]]
[7 7][1 0][[8 7]][[7.7442694 7.06818  ]]
[7 8][ 0 -1][[7 7]][[6.861795 7.046903]]
[7 8][-1  0][[6 8]][[5.9187346 7.995834 ]]
[7 8][0 1][[7 8]][[6.870953 8.672736]]
[7 8][1 0][[8 8]][[7.7116942 8.059007 ]]
[8 0][ 0 -1][[8 0]][[ 8.046209   -0.03792664]]
[8 0][-1  0][[7 0]][[6.897209   0.09753145]]
[8 0][0 1][[8 1]][[7.998242  1.1509706]]
[8 0][1 0][[8 0]][[8.286486   0.07490455]]
[8 1][ 0 -1][[8 0]][[8.072399   0.08066024]]
[8 1][-1  0][[7 1]][[6.78427   1.0745767]]
[8 1][0 1][[8 2]][[7.9858456 2.0972047]]
[8 1][1 0][[8 1]][[8.305684  1.0586815]]
[8 2][ 0 -1][[8 1]][[8.005308  1.0143291]]
[8 2][-1  0][[7 2]][[6.7830486 2.1278048]]
[8 2][0 1][[8 3]][[8.013562 2.96664 ]]
[8 2][1 0][[8 2]][[8.326517  2.0758796]]
[8 3][ 0 -1][[8 2]][[7.9969134 2.1122065]]
[8 3][-1  0][[7 3]][[6.8228345 3.0561075]]
[8 3][0 1][[8 3]][[7.931502  3.5343204]]
[8 3][1 0][[8 3]][[8.338665  3.1236763]]
[8 5][ 0 -1][[8 5]][[7.8215165 4.5429068]]
[8 5][-1  0][[7 5]][[7.0807834 5.066859 ]]
[8 5][0 1][[8 6]][[8.0355625 5.929826 ]]
[8 5][1 0][[8 5]][[8.282234 4.970977]]
[8 6][ 0 -1][[8 5]][[7.774499 5.448475]]
[8 6][-1  0][[7 6]][[6.980606 6.114718]]
[8 6][0 1][[8 7]][[7.9988823 7.018068 ]]
[8 6][1 0][[8 6]][[8.267164  6.0320864]]
[8 7][ 0 -1][[8 6]][[7.7463403 6.3214626]]
[8 7][-1  0][[7 7]][[6.891692 7.071747]]
[8 7][0 1][[8 8]][[7.974848 8.006169]]
[8 7][1 0][[8 7]][[8.3714285 7.0604687]]
[8 8][ 0 -1][[8 7]][[7.721886 7.11652 ]]
[8 8][-1  0][[7 8]][[6.8005896 7.9951005]]
[8 8][0 1][[8 8]][[7.845515 8.841818]]
[8 8][1 0][[8 8]][[8.563677 8.04272 ]]
